osu file format v12

[General]
AudioFilename: virtual
AudioLeadIn: 0
PreviewTime: 0
Countdown: 0
SampleSet: Soft
StackLeniency: 0.4
Mode: 3
LetterboxInBreaks: 0
SpecialStyle: 0

[Editor]
DistanceSpacing: 0.5
BeatDivisor: 4
GridSize: 8

[Metadata]
Title:Imperishable Night 2006
TitleUnicode:Imperishable Night 2006
Artist:Yuuna Sasara feat. Tai no Kobone
ArtistUnicode:篠螺悠那 feat. 鯛の小骨
Creator:xxbidiao
Version:4K Insane
Source:Touhou
Tags:BMS
BeatmapID:259067
BeatmapSetID:92190

[Difficulty]
HPDrainRate:7
CircleSize:4
OverallDifficulty:9
ApproachRate:7
SliderMultiplier:0.4
SliderTickRate:1

[HitObjects]
192,192,1118,1,0,0:0:0:0:claprev.wav
64,192,1490,1,0,0:0:0:0:hit_1.wav64
192,192,1490,1,0,0:0:0:0:kick.wav
448,192,1490,1,0,0:0:0:0:se1.wav
320,192,1583,1,0,0:0:0:0:hit_2.wav
64,192,1770,1,0,0:0:0:0:hit_1.wav
192,192,1770,1,0,0:0:0:0:kick.wav
320,192,1863,1,0,0:0:0:0:hit_2.wav
64,192,2049,1,0,0:0:0:0:hit_1.wav
192,192,2049,1,0,0:0:0:0:kick.wav
320,192,2142,1,0,0:0:0:0:hit_2.wav
448,192,2236,1,0,0:0:0:0:amen_1.wav
64,192,2981,1,0,0:0:0:0:hit_1.wav
192,192,2981,1,0,0:0:0:0:kick.wav
320,192,3074,1,0,0:0:0:0:hit_2.wav
64,192,3260,1,0,0:0:0:0:hit_1.wav
192,192,3260,1,0,0:0:0:0:kick.wav
320,192,3354,1,0,0:0:0:0:hit_2.wav
64,192,3540,1,0,0:0:0:0:hit_1.wav
192,192,3540,1,0,0:0:0:0:kick.wav
320,192,3633,1,0,0:0:0:0:hit_2.wav
448,192,3726,1,0,0:0:0:0:amen_1.wav
320,192,4472,1,0,0:0:0:0:hit_1.wav
448,192,4472,1,0,0:0:0:0:kick.wav
64,192,4565,1,0,0:0:0:0:hit_2.wav
320,192,4751,1,0,0:0:0:0:hit_1.wav
448,192,4751,1,0,0:0:0:0:kick.wav
64,192,4844,1,0,0:0:0:0:hit_2.wav
320,192,5031,1,0,0:0:0:0:hit_1.wav
448,192,5031,1,0,0:0:0:0:kick.wav
64,192,5124,1,0,0:0:0:0:hit_2.wav
192,192,5217,1,0,0:0:0:0:amen_1.wav
320,192,5962,1,0,0:0:0:0:hit_1.wav
448,192,5962,1,0,0:0:0:0:kick.wav
192,192,6055,1,0,0:0:0:0:hit_2.wav
320,192,6242,1,0,0:0:0:0:hit_1.wav
448,192,6242,1,0,0:0:0:0:kick.wav
192,192,6335,1,0,0:0:0:0:hit_2.wav
320,192,6521,1,0,0:0:0:0:hit_1.wav
448,192,6521,1,0,0:0:0:0:kick.wav
192,192,6614,1,0,0:0:0:0:hit_2.wav
448,192,6708,1,0,0:0:0:0:kick.wav
320,192,6801,1,0,0:0:0:0:hit_1.wav
192,192,6894,1,0,0:0:0:0:hit_3.wav
448,192,6894,1,0,0:0:0:0:kick.wav
320,192,6987,1,0,0:0:0:0:hit_1.wav
64,192,7080,1,0,0:0:0:0:hit_13.wav
448,192,7080,1,0,0:0:0:0:kick.wav
192,192,7267,1,0,0:0:0:0:hit_14.wav
64,192,7453,1,0,0:0:0:0:kick.wav
192,192,7453,1,0,0:0:0:0:hit_1.wav
320,192,7453,1,0,0:0:0:0:cym.wav
448,192,7546,1,0,0:0:0:0:hit_2.wav
64,192,7732,1,0,0:0:0:0:kick.wav
192,192,7732,1,0,0:0:0:0:hit_1.wav
320,192,7732,1,0,0:0:0:0:cym.wav
448,192,7826,1,0,0:0:0:0:hit_2.wav
64,192,8012,1,0,0:0:0:0:kick.wav
192,192,8012,1,0,0:0:0:0:hit_1.wav
320,192,8012,1,0,0:0:0:0:cym.wav
448,192,8105,1,0,0:0:0:0:hit_2.wav
192,192,8198,1,0,0:0:0:0:amen_1.wav
192,192,8944,1,0,0:0:0:0:cym.wav
320,192,8944,1,0,0:0:0:0:hit_1.wav
448,192,8944,1,0,0:0:0:0:kick.wav
64,192,9037,1,0,0:0:0:0:hit_2.wav
192,192,9223,1,0,0:0:0:0:cym.wav
320,192,9223,1,0,0:0:0:0:hit_1.wav
448,192,9223,1,0,0:0:0:0:kick.wav
64,192,9316,1,0,0:0:0:0:hit_2.wav
192,192,9503,1,0,0:0:0:0:cym.wav
320,192,9503,1,0,0:0:0:0:hit_1.wav
448,192,9503,1,0,0:0:0:0:kick.wav
64,192,9596,1,0,0:0:0:0:hit_2.wav
320,192,9689,1,0,0:0:0:0:amen_1.wav
64,192,10434,1,0,0:0:0:0:kick.wav
192,192,10434,1,0,0:0:0:0:hit_1.wav
320,192,10434,1,0,0:0:0:0:cym.wav
448,192,10527,1,0,0:0:0:0:hit_2.wav
64,192,10714,1,0,0:0:0:0:kick.wav
192,192,10714,1,0,0:0:0:0:hit_1.wav
320,192,10714,1,0,0:0:0:0:cym.wav
448,192,10807,1,0,0:0:0:0:hit_2.wav
64,192,10993,1,0,0:0:0:0:kick.wav
192,192,10993,1,0,0:0:0:0:hit_1.wav
320,192,10993,1,0,0:0:0:0:cym.wav
448,192,11086,1,0,0:0:0:0:hit_2.wav
192,192,11180,1,0,0:0:0:0:amen_1.wav
192,192,11925,1,0,0:0:0:0:kick.wav
320,192,11925,1,0,0:0:0:0:hit_1.wav
448,192,11925,1,0,0:0:0:0:cym.wav
64,192,12018,1,0,0:0:0:0:hit_2.wav
192,192,12204,1,0,0:0:0:0:kick.wav
320,192,12204,1,0,0:0:0:0:hit_1.wav
448,192,12204,1,0,0:0:0:0:cym.wav
64,192,12298,1,0,0:0:0:0:hit_2.wav
192,192,12484,1,0,0:0:0:0:kick.wav
320,192,12484,1,0,0:0:0:0:hit_1.wav
448,192,12484,1,0,0:0:0:0:cym.wav
64,192,12577,1,0,0:0:0:0:hit_2.wav
192,192,12670,1,0,0:0:0:0:kick.wav
320,192,12763,1,0,0:0:0:0:hit_1.wav
64,192,12857,1,0,0:0:0:0:hit_3.wav
192,192,12857,1,0,0:0:0:0:kick.wav
320,192,12950,1,0,0:0:0:0:hit_1.wav
192,192,13043,1,0,0:0:0:0:kick.wav
448,192,13043,1,0,0:0:0:0:hit_13.wav
320,192,13229,1,0,0:0:0:0:hit_14.wav
64,192,13416,1,0,0:0:0:0:kick.wav
192,192,13416,1,0,0:0:0:0:hit_1.wav
448,192,13416,1,0,0:0:0:0:se1.wav
320,192,13509,1,0,0:0:0:0:hit_2.wav
192,192,13695,1,0,0:0:0:0:hit_1.wav
64,192,13788,1,0,0:0:0:0:kick.wav
320,192,13788,1,0,0:0:0:0:hit_2.wav
192,192,13975,1,0,0:0:0:0:hit_1.wav
320,192,14068,1,0,0:0:0:0:hit_2.wav
64,192,14161,1,0,0:0:0:0:kick.wav
192,192,14254,1,0,0:0:0:0:hit_1.wav
320,192,14347,1,0,0:0:0:0:hit_3.wav
192,192,14440,1,0,0:0:0:0:hit_1.wav
64,192,14534,1,0,0:0:0:0:kick.wav
320,192,14534,1,0,0:0:0:0:hit_2.wav
448,192,14720,1,0,0:0:0:0:hit_4.wav
64,192,14906,1,0,0:0:0:0:kick.wav
192,192,14906,1,0,0:0:0:0:hit_1.wav
320,192,15000,1,0,0:0:0:0:hit_2.wav
192,192,15186,1,0,0:0:0:0:hit_1.wav
64,192,15279,1,0,0:0:0:0:kick.wav
320,192,15279,1,0,0:0:0:0:hit_2.wav
192,192,15465,1,0,0:0:0:0:hit_1.wav
320,192,15559,1,0,0:0:0:0:hit_2.wav
64,192,15652,1,0,0:0:0:0:kick.wav
192,192,15745,1,0,0:0:0:0:hit_1.wav
320,192,15838,1,0,0:0:0:0:hit_3.wav
192,192,15931,1,0,0:0:0:0:hit_5.wav
64,192,16024,1,0,0:0:0:0:kick.wav
320,192,16024,1,0,0:0:0:0:hit_6.wav
448,192,16211,1,0,0:0:0:0:hit_7.wav
64,192,16397,1,0,0:0:0:0:kick.wav
192,192,16397,1,0,0:0:0:0:hit_1.wav
320,192,16490,1,0,0:0:0:0:hit_2.wav
192,192,16677,1,0,0:0:0:0:hit_1.wav
64,192,16770,1,0,0:0:0:0:kick.wav
320,192,16770,1,0,0:0:0:0:hit_2.wav
192,192,16956,1,0,0:0:0:0:hit_1.wav
320,192,17049,1,0,0:0:0:0:hit_2.wav
64,192,17142,1,0,0:0:0:0:kick.wav
192,192,17236,1,0,0:0:0:0:hit_1.wav
320,192,17329,1,0,0:0:0:0:hit_3.wav
192,192,17422,1,0,0:0:0:0:hit_1.wav
64,192,17515,1,0,0:0:0:0:kick.wav
320,192,17515,1,0,0:0:0:0:hit_2.wav
448,192,17701,1,0,0:0:0:0:hit_4.wav
64,192,17888,1,0,0:0:0:0:kick.wav
192,192,17888,1,0,0:0:0:0:hit_1.wav
320,192,17981,1,0,0:0:0:0:hit_2.wav
192,192,18167,1,0,0:0:0:0:hit_1.wav
64,192,18260,1,0,0:0:0:0:kick.wav
320,192,18260,1,0,0:0:0:0:hit_2.wav
192,192,18447,1,0,0:0:0:0:hit_1.wav
320,192,18540,1,0,0:0:0:0:hit_2.wav
64,192,18633,1,0,0:0:0:0:kick.wav
448,192,18633,1,0,0:0:0:0:hit_4.wav
64,192,18819,1,0,0:0:0:0:kick.wav
448,192,18819,1,0,0:0:0:0:hit_4.wav
192,192,19006,1,0,0:0:0:0:kick.wav
320,192,19006,1,0,0:0:0:0:hit_8.wav
64,192,19099,1,0,0:0:0:0:kick.wav
192,192,19192,1,0,0:0:0:0:kick.wav
320,192,19192,1,0,0:0:0:0:hit_9.wav
64,192,19285,1,0,0:0:0:0:kick.wav
192,192,19378,1,0,0:0:0:0:hit_1.wav
64,192,19472,1,0,0:0:0:0:snare_roll.wav
320,192,19472,1,0,0:0:0:0:hit_2.wav
448,192,19565,1,0,0:0:0:0:snare_roll.wav
64,192,19658,1,0,0:0:0:0:snare_roll.wav
192,192,19658,1,0,0:0:0:0:hit_1.wav
320,192,19751,1,0,0:0:0:0:hit_2.wav
448,192,19751,1,0,0:0:0:0:snare_roll.wav
64,192,19844,1,0,0:0:0:0:snare_roll.wav
192,192,19937,1,0,0:0:0:0:hit_1.wav
448,192,19937,1,0,0:0:0:0:snare_roll.wav
64,192,20031,1,0,0:0:0:0:snare_roll.wav
320,192,20031,1,0,0:0:0:0:hit_2.wav
448,192,20124,1,0,0:0:0:0:snare_roll.wav
64,192,20217,1,0,0:0:0:0:snare_roll.wav
192,192,20217,1,0,0:0:0:0:hit_1.wav
320,192,20310,1,0,0:0:0:0:hit_3.wav
448,192,20310,1,0,0:0:0:0:snare_roll.wav
64,192,20403,1,0,0:0:0:0:snare_roll.wav
192,192,20403,1,0,0:0:0:0:hit_1.wav
320,192,20496,1,0,0:0:0:0:hit_2.wav
448,192,20496,1,0,0:0:0:0:snare_roll.wav
64,192,20590,1,0,0:0:0:0:snare_roll.wav
320,192,20683,1,0,0:0:0:0:hit_4.wav
448,192,20683,1,0,0:0:0:0:snare_roll.wav
64,192,20776,1,0,0:0:0:0:snare_roll.wav
192,192,20869,1,0,0:0:0:0:hit_1.wav
448,192,20869,1,0,0:0:0:0:snare_roll.wav
64,192,20962,1,0,0:0:0:0:snare_roll.wav
320,192,20962,1,0,0:0:0:0:hit_2.wav
448,192,21055,1,0,0:0:0:0:snare_roll.wav
64,192,21149,1,0,0:0:0:0:snare_roll.wav
192,192,21149,1,0,0:0:0:0:hit_1.wav
320,192,21242,1,0,0:0:0:0:hit_2.wav
448,192,21242,1,0,0:0:0:0:snare_roll.wav
64,192,21335,1,0,0:0:0:0:snare_roll.wav
192,192,21428,1,0,0:0:0:0:hit_1.wav
448,192,21428,1,0,0:0:0:0:snare_roll.wav
64,192,21521,1,0,0:0:0:0:snare_roll.wav
320,192,21521,1,0,0:0:0:0:hit_2.wav
448,192,21614,1,0,0:0:0:0:snare_roll.wav
64,192,21708,1,0,0:0:0:0:snare_roll.wav
192,192,21708,1,0,0:0:0:0:hit_1.wav
320,192,21801,1,0,0:0:0:0:hit_3.wav
448,192,21801,1,0,0:0:0:0:snare_roll.wav
64,192,21894,1,0,0:0:0:0:snare_roll.wav
192,192,21894,1,0,0:0:0:0:hit_5.wav
192,192,21987,1,0,0:0:0:0:hit_6.wav
448,192,21987,1,0,0:0:0:0:snare_roll.wav
64,192,22080,1,0,0:0:0:0:snare_roll.wav
320,192,22173,1,0,0:0:0:0:hit_7.wav
448,192,22173,1,0,0:0:0:0:snare_roll.wav
64,192,22267,1,0,0:0:0:0:snare_roll.wav
192,192,22360,1,0,0:0:0:0:hit_1.wav
448,192,22360,1,0,0:0:0:0:snare_roll.wav
64,192,22453,1,0,0:0:0:0:snare_roll.wav
320,192,22453,1,0,0:0:0:0:hit_2.wav
448,192,22546,1,0,0:0:0:0:snare_roll.wav
64,192,22639,1,0,0:0:0:0:snare_roll.wav
192,192,22639,1,0,0:0:0:0:hit_1.wav
320,192,22732,1,0,0:0:0:0:hit_2.wav
448,192,22732,1,0,0:0:0:0:snare_roll.wav
64,192,22826,1,0,0:0:0:0:snare_roll.wav
192,192,22919,1,0,0:0:0:0:hit_1.wav
448,192,22919,1,0,0:0:0:0:snare_roll.wav
64,192,23012,1,0,0:0:0:0:snare_roll.wav
320,192,23012,1,0,0:0:0:0:hit_2.wav
448,192,23105,1,0,0:0:0:0:snare_roll.wav
64,192,23198,1,0,0:0:0:0:snare_roll.wav
192,192,23198,1,0,0:0:0:0:hit_1.wav
320,192,23291,1,0,0:0:0:0:hit_3.wav
448,192,23291,1,0,0:0:0:0:snare_roll.wav
64,192,23385,1,0,0:0:0:0:snare_roll.wav
192,192,23385,1,0,0:0:0:0:hit_1.wav
320,192,23478,1,0,0:0:0:0:hit_2.wav
448,192,23478,1,0,0:0:0:0:snare_roll.wav
64,192,23571,1,0,0:0:0:0:snare_roll.wav
320,192,23664,1,0,0:0:0:0:hit_4.wav
448,192,23664,1,0,0:0:0:0:snare_roll.wav
64,192,23757,1,0,0:0:0:0:snare_roll.wav
192,192,23850,1,0,0:0:0:0:kick.wav
320,192,23850,1,0,0:0:0:0:cym.wav
64,192,24968,1,0,0:0:0:0:vo_go.wav
448,192,24968,1,0,0:0:0:0:claprev.wav
64,192,25341,1,0,0:0:0:0:kick.wav
192,192,25341,1,0,0:0:0:0:syn_1.wav
448,192,25341,1,0,0:0:0:0:hit_10.wav
320,192,25527,1,0,0:0:0:0:syn_2.wav
64,192,25714,1,0,0:0:0:0:kick.wav
320,192,25714,1,0,0:0:0:0:syn_3.wav
448,192,25900,1,0,0:0:0:0:syn_4.wav
64,192,26086,1,0,0:0:0:0:kick.wav
320,192,26086,1,0,0:0:0:0:syn_3.wav
192,192,26273,1,0,0:0:0:0:syn_5.wav
320,192,26319,1,0,0:0:0:0:syn_5.wav
448,192,26366,1,0,0:0:0:0:syn_5.wav
320,192,26413,1,0,0:0:0:0:syn_5.wav
64,192,26459,1,0,0:0:0:0:kick.wav
192,192,26459,1,0,0:0:0:0:syn_1.wav
320,192,26645,1,0,0:0:0:0:syn_6.wav
192,192,26739,1,0,0:0:0:0:syn_7.wav
64,192,26832,1,0,0:0:0:0:kick.wav
320,192,26832,1,0,0:0:0:0:syn_3.wav
448,192,27018,1,0,0:0:0:0:syn_8.wav
64,192,27204,1,0,0:0:0:0:kick.wav
320,192,27204,1,0,0:0:0:0:syn_3.wav
192,192,27391,1,0,0:0:0:0:syn_2.wav
64,192,27577,1,0,0:0:0:0:kick.wav
320,192,27577,1,0,0:0:0:0:syn_9.wav
192,192,27670,1,0,0:0:0:0:syn_7.wav
448,192,27763,1,0,0:0:0:0:syn_10.wav
192,192,27857,1,0,0:0:0:0:syn_7.wav
64,192,27950,1,0,0:0:0:0:kick.wav
320,192,27950,1,0,0:0:0:0:syn_11.wav
448,192,28136,1,0,0:0:0:0:syn_12.wav
448,192,28229,1,0,0:0:0:0:syn_12.wav
64,192,28322,1,0,0:0:0:0:kick.wav
192,192,28322,1,0,0:0:0:0:syn_1.wav
320,192,28509,1,0,0:0:0:0:syn_2.wav
64,192,28695,1,0,0:0:0:0:kick.wav
320,192,28695,1,0,0:0:0:0:syn_3.wav
448,192,28881,1,0,0:0:0:0:syn_4.wav
64,192,29068,1,0,0:0:0:0:kick.wav
320,192,29068,1,0,0:0:0:0:syn_3.wav
448,192,29254,1,0,0:0:0:0:syn_5.wav
320,192,29301,1,0,0:0:0:0:syn_5.wav
192,192,29347,1,0,0:0:0:0:syn_5.wav
320,192,29394,1,0,0:0:0:0:syn_5.wav
64,192,29440,1,0,0:0:0:0:kick.wav
448,192,29440,1,0,0:0:0:0:syn_1.wav
320,192,29627,1,0,0:0:0:0:syn_6.wav
192,192,29720,1,0,0:0:0:0:syn_7.wav
64,192,29813,1,0,0:0:0:0:kick.wav
320,192,29813,1,0,0:0:0:0:syn_3.wav
448,192,30000,1,0,0:0:0:0:syn_8.wav
64,192,30186,1,0,0:0:0:0:kick.wav
320,192,30186,1,0,0:0:0:0:syn_3.wav
192,192,30372,1,0,0:0:0:0:syn_2.wav
64,192,30559,1,0,0:0:0:0:kick.wav
448,192,30559,1,0,0:0:0:0:syn_9.wav
192,192,30652,1,0,0:0:0:0:syn_7.wav
320,192,30745,1,0,0:0:0:0:syn_10.wav
192,192,30838,1,0,0:0:0:0:syn_7.wav
64,192,30931,1,0,0:0:0:0:kick.wav
448,192,30931,1,0,0:0:0:0:syn_11.wav
64,192,31118,1,0,0:0:0:0:kick.wav
320,192,31118,1,0,0:0:0:0:syn_12.wav
320,192,31211,1,0,0:0:0:0:syn_12.wav
64,192,31304,1,0,0:0:0:0:kick.wav
192,192,31304,1,0,0:0:0:0:syn_1.wav
320,192,31490,1,0,0:0:0:0:syn_2.wav
64,192,31677,1,0,0:0:0:0:kick.wav
448,192,31677,1,0,0:0:0:0:syn_3.wav
448,192,31863,1,0,0:0:0:0:syn_4.wav
64,192,32049,1,0,0:0:0:0:kick.wav
320,192,32049,1,0,0:0:0:0:syn_3.wav
192,192,32236,1,0,0:0:0:0:syn_5.wav
320,192,32282,1,0,0:0:0:0:syn_5.wav
448,192,32329,1,0,0:0:0:0:syn_5.wav
320,192,32375,1,0,0:0:0:0:syn_5.wav
64,192,32422,1,0,0:0:0:0:kick.wav
192,192,32422,1,0,0:0:0:0:syn_1.wav
320,192,32608,1,0,0:0:0:0:syn_6.wav
192,192,32701,1,0,0:0:0:0:syn_7.wav
64,192,32795,1,0,0:0:0:0:kick.wav
448,192,32795,1,0,0:0:0:0:syn_3.wav
320,192,32981,1,0,0:0:0:0:syn_8.wav
64,192,33167,1,0,0:0:0:0:kick.wav
448,192,33167,1,0,0:0:0:0:syn_3.wav
192,192,33354,1,0,0:0:0:0:syn_2.wav
64,192,33540,1,0,0:0:0:0:kick.wav
448,192,33540,1,0,0:0:0:0:syn_9.wav
320,192,33633,1,0,0:0:0:0:syn_7.wav
192,192,33726,1,0,0:0:0:0:syn_10.wav
320,192,33819,1,0,0:0:0:0:syn_7.wav
64,192,33913,1,0,0:0:0:0:kick.wav
448,192,33913,1,0,0:0:0:0:syn_11.wav
192,192,34099,1,0,0:0:0:0:syn_12.wav
192,192,34192,1,0,0:0:0:0:syn_12.wav
64,192,34285,1,0,0:0:0:0:kick.wav
320,192,34285,1,0,0:0:0:0:syn_1.wav
192,192,34472,1,0,0:0:0:0:syn_2.wav
64,192,34658,1,0,0:0:0:0:kick.wav
320,192,34658,1,0,0:0:0:0:syn_3.wav
448,192,34844,1,0,0:0:0:0:syn_4.wav
64,192,35031,1,0,0:0:0:0:kick.wav
320,192,35031,1,0,0:0:0:0:syn_3.wav
320,192,35217,1,0,0:0:0:0:syn_5.wav
192,192,35263,1,0,0:0:0:0:syn_5.wav
320,192,35310,1,0,0:0:0:0:syn_5.wav
448,192,35357,1,0,0:0:0:0:syn_5.wav
64,192,35403,1,0,0:0:0:0:kick.wav
192,192,35403,1,0,0:0:0:0:syn_1.wav
320,192,35590,1,0,0:0:0:0:syn_6.wav
192,192,35683,1,0,0:0:0:0:syn_7.wav
64,192,35776,1,0,0:0:0:0:kick.wav
448,192,35776,1,0,0:0:0:0:syn_3.wav
448,192,35962,1,0,0:0:0:0:syn_8.wav
64,192,36149,1,0,0:0:0:0:kick.wav
320,192,36149,1,0,0:0:0:0:syn_3.wav
192,192,36335,1,0,0:0:0:0:syn_2.wav
64,192,36521,1,0,0:0:0:0:kick.wav
192,192,36521,1,0,0:0:0:0:syn_21.wav
448,192,36521,1,0,0:0:0:0:snare_roll.wav
320,192,36583,1,0,0:0:0:0:snare_roll.wav
448,192,36614,1,0,0:0:0:0:syn_19.wav
192,192,36645,1,0,0:0:0:0:snare_roll.wav
64,192,36708,1,0,0:0:0:0:syn_22.wav
320,192,36708,1,0,0:0:0:0:snare_roll.wav
192,192,36801,1,0,0:0:0:0:snare_roll.wav
448,192,36801,1,0,0:0:0:0:syn_19.wav
64,192,36894,1,0,0:0:0:0:kick.wav
320,192,36894,1,0,0:0:0:0:snare_roll.wav
448,192,36894,1,0,0:0:0:0:syn_23.wav
192,192,36987,1,0,0:0:0:0:snare_roll.wav
64,192,37080,1,0,0:0:0:0:kick.wav
320,192,37080,1,0,0:0:0:0:snare_roll.wav
448,192,37080,1,0,0:0:0:0:syn_24.wav
192,192,37173,1,0,0:0:0:0:snare_roll.wav
448,192,37173,1,0,0:0:0:0:syn_24.wav
64,192,37267,1,0,0:0:0:0:kick.wav
320,192,37267,1,0,0:0:0:0:syn_13.wav
192,192,37360,1,0,0:0:0:0:hh_2.wav
320,192,37453,1,0,0:0:0:0:hh_3.wav
448,192,37453,1,0,0:0:0:0:syn_14.wav
64,192,37639,1,0,0:0:0:0:kick.wav
448,192,37639,1,0,0:0:0:0:syn_15.wav
192,192,37732,1,0,0:0:0:0:hh_2.wav
320,192,37826,1,0,0:0:0:0:hh_3.wav
448,192,37826,1,0,0:0:0:0:syn_16.wav
192,192,37919,1,0,0:0:0:0:hh_2.wav
64,192,38012,1,0,0:0:0:0:kick.wav
320,192,38012,1,0,0:0:0:0:syn_15.wav
192,192,38105,1,0,0:0:0:0:hh_2.wav
320,192,38198,1,0,0:0:0:0:hh_3.wav
448,192,38198,1,0,0:0:0:0:syn_17.wav
192,192,38245,1,0,0:0:0:0:syn_17.wav
320,192,38291,1,0,0:0:0:0:syn_17.wav
448,192,38338,1,0,0:0:0:0:syn_17.wav
64,192,38385,1,0,0:0:0:0:kick.wav
320,192,38385,1,0,0:0:0:0:syn_13.wav
448,192,38478,1,0,0:0:0:0:hh_1.wav
64,192,38571,1,0,0:0:0:0:hh_3.wav
192,192,38571,1,0,0:0:0:0:syn_18.wav
320,192,38664,1,0,0:0:0:0:syn_19.wav
448,192,38664,1,0,0:0:0:0:hh_2.wav
64,192,38757,1,0,0:0:0:0:kick.wav
192,192,38757,1,0,0:0:0:0:syn_15.wav
320,192,38850,1,0,0:0:0:0:hh_2.wav
192,192,38944,1,0,0:0:0:0:syn_20.wav
448,192,38944,1,0,0:0:0:0:hh_3.wav
64,192,39130,1,0,0:0:0:0:kick.wav
320,192,39130,1,0,0:0:0:0:syn_15.wav
192,192,39223,1,0,0:0:0:0:hh_2.wav
320,192,39316,1,0,0:0:0:0:hh_3.wav
448,192,39316,1,0,0:0:0:0:syn_14.wav
64,192,39503,1,0,0:0:0:0:kick.wav
320,192,39503,1,0,0:0:0:0:syn_21.wav
192,192,39596,1,0,0:0:0:0:hh_1.wav
448,192,39596,1,0,0:0:0:0:syn_19.wav
64,192,39689,1,0,0:0:0:0:hh_3.wav
320,192,39689,1,0,0:0:0:0:syn_22.wav
192,192,39782,1,0,0:0:0:0:syn_19.wav
448,192,39782,1,0,0:0:0:0:hh_2.wav
64,192,39875,1,0,0:0:0:0:kick.wav
320,192,39875,1,0,0:0:0:0:syn_23.wav
192,192,39968,1,0,0:0:0:0:hh_2.wav
320,192,40062,1,0,0:0:0:0:hh_3.wav
448,192,40062,1,0,0:0:0:0:syn_24.wav
192,192,40155,1,0,0:0:0:0:hh_2.wav
448,192,40155,1,0,0:0:0:0:syn_24.wav
64,192,40248,1,0,0:0:0:0:kick.wav
320,192,40248,1,0,0:0:0:0:syn_13.wav
192,192,40341,1,0,0:0:0:0:hh_2.wav
320,192,40434,1,0,0:0:0:0:hh_3.wav
448,192,40434,1,0,0:0:0:0:syn_14.wav
64,192,40621,1,0,0:0:0:0:kick.wav
320,192,40621,1,0,0:0:0:0:syn_15.wav
192,192,40714,1,0,0:0:0:0:hh_2.wav
320,192,40807,1,0,0:0:0:0:hh_3.wav
448,192,40807,1,0,0:0:0:0:syn_16.wav
192,192,40900,1,0,0:0:0:0:hh_2.wav
64,192,40993,1,0,0:0:0:0:kick.wav
320,192,40993,1,0,0:0:0:0:syn_15.wav
192,192,41086,1,0,0:0:0:0:hh_2.wav
64,192,41180,1,0,0:0:0:0:hh_3.wav
448,192,41180,1,0,0:0:0:0:syn_17.wav
320,192,41226,1,0,0:0:0:0:syn_17.wav
448,192,41273,1,0,0:0:0:0:syn_17.wav
320,192,41319,1,0,0:0:0:0:syn_17.wav
64,192,41366,1,0,0:0:0:0:kick.wav
192,192,41366,1,0,0:0:0:0:syn_13.wav
448,192,41459,1,0,0:0:0:0:hh_1.wav
64,192,41552,1,0,0:0:0:0:hh_3.wav
320,192,41552,1,0,0:0:0:0:syn_18.wav
192,192,41645,1,0,0:0:0:0:hh_2.wav
448,192,41645,1,0,0:0:0:0:syn_19.wav
64,192,41739,1,0,0:0:0:0:kick.wav
320,192,41739,1,0,0:0:0:0:syn_15.wav
192,192,41832,1,0,0:0:0:0:hh_2.wav
320,192,41925,1,0,0:0:0:0:hh_3.wav
448,192,41925,1,0,0:0:0:0:syn_20.wav
64,192,42111,1,0,0:0:0:0:kick.wav
320,192,42111,1,0,0:0:0:0:syn_15.wav
192,192,42204,1,0,0:0:0:0:hh_2.wav
320,192,42298,1,0,0:0:0:0:hh_3.wav
448,192,42298,1,0,0:0:0:0:syn_14.wav
64,192,42484,1,0,0:0:0:0:kick.wav
448,192,42484,1,0,0:0:0:0:syn_21.wav
192,192,42577,1,0,0:0:0:0:syn_19.wav
320,192,42577,1,0,0:0:0:0:hh_1.wav
64,192,42670,1,0,0:0:0:0:hh_3.wav
448,192,42670,1,0,0:0:0:0:syn_22.wav
192,192,42763,1,0,0:0:0:0:syn_19.wav
320,192,42763,1,0,0:0:0:0:hh_2.wav
64,192,42857,1,0,0:0:0:0:kick.wav
448,192,42857,1,0,0:0:0:0:syn_23.wav
192,192,42950,1,0,0:0:0:0:hh_2.wav
64,192,43043,1,0,0:0:0:0:kick.wav
448,192,43043,1,0,0:0:0:0:syn_24.wav
192,192,43136,1,0,0:0:0:0:hh_2.wav
448,192,43136,1,0,0:0:0:0:syn_24.wav
64,192,43229,1,0,0:0:0:0:kick.wav
320,192,43229,1,0,0:0:0:0:syn_13.wav
192,192,43322,1,0,0:0:0:0:hh_2.wav
320,192,43416,1,0,0:0:0:0:hh_3.wav
448,192,43416,1,0,0:0:0:0:syn_14.wav
64,192,43602,1,0,0:0:0:0:kick.wav
320,192,43602,1,0,0:0:0:0:syn_15.wav
192,192,43695,1,0,0:0:0:0:hh_2.wav
320,192,43788,1,0,0:0:0:0:hh_3.wav
448,192,43788,1,0,0:0:0:0:syn_16.wav
192,192,43881,1,0,0:0:0:0:hh_2.wav
64,192,43975,1,0,0:0:0:0:kick.wav
320,192,43975,1,0,0:0:0:0:syn_15.wav
192,192,44068,1,0,0:0:0:0:hh_2.wav
64,192,44161,1,0,0:0:0:0:syn_17.wav
320,192,44161,1,0,0:0:0:0:hh_3.wav
192,192,44208,1,0,0:0:0:0:syn_17.wav
320,192,44254,1,0,0:0:0:0:syn_17.wav
448,192,44301,1,0,0:0:0:0:syn_17.wav
64,192,44347,1,0,0:0:0:0:kick.wav
320,192,44347,1,0,0:0:0:0:syn_13.wav
192,192,44440,1,0,0:0:0:0:hh_1.wav
320,192,44534,1,0,0:0:0:0:hh_3.wav
448,192,44534,1,0,0:0:0:0:syn_18.wav
192,192,44627,1,0,0:0:0:0:syn_19.wav
448,192,44627,1,0,0:0:0:0:hh_2.wav
64,192,44720,1,0,0:0:0:0:kick.wav
320,192,44720,1,0,0:0:0:0:syn_15.wav
192,192,44813,1,0,0:0:0:0:hh_2.wav
320,192,44906,1,0,0:0:0:0:hh_3.wav
448,192,44906,1,0,0:0:0:0:syn_20.wav
64,192,45093,1,0,0:0:0:0:kick.wav
320,192,45093,1,0,0:0:0:0:syn_15.wav
192,192,45186,1,0,0:0:0:0:hh_2.wav
320,192,45279,1,0,0:0:0:0:hh_3.wav
448,192,45279,1,0,0:0:0:0:syn_14.wav
64,192,45465,1,0,0:0:0:0:kick.wav
192,192,45465,1,0,0:0:0:0:syn_21.wav
320,192,45559,1,0,0:0:0:0:hh_1.wav
448,192,45559,1,0,0:0:0:0:syn_19.wav
64,192,45652,1,0,0:0:0:0:hh_3.wav
192,192,45652,1,0,0:0:0:0:syn_22.wav
320,192,45745,1,0,0:0:0:0:syn_19.wav
448,192,45745,1,0,0:0:0:0:hh_2.wav
64,192,45838,1,0,0:0:0:0:kick.wav
192,192,45838,1,0,0:0:0:0:syn_23.wav
320,192,45931,1,0,0:0:0:0:hh_2.wav
192,192,46024,1,0,0:0:0:0:syn_24.wav
448,192,46024,1,0,0:0:0:0:hh_3.wav
64,192,46118,1,0,0:0:0:0:hh_2.wav
320,192,46118,1,0,0:0:0:0:syn_24.wav
192,192,46211,1,0,0:0:0:0:kick.wav
448,192,46211,1,0,0:0:0:0:syn_13.wav
320,192,46304,1,0,0:0:0:0:snare_roll.wav
64,192,46397,1,0,0:0:0:0:syn_14.wav
192,192,46397,1,0,0:0:0:0:snare_roll.wav
320,192,46490,1,0,0:0:0:0:snare_roll.wav
192,192,46583,1,0,0:0:0:0:snare_roll.wav
448,192,46583,1,0,0:0:0:0:syn_15.wav
320,192,46677,1,0,0:0:0:0:snare_roll.wav
64,192,46770,1,0,0:0:0:0:syn_16.wav
192,192,46770,1,0,0:0:0:0:snare_roll.wav
320,192,46863,1,0,0:0:0:0:snare_roll.wav
192,192,46956,1,0,0:0:0:0:snare_roll.wav
448,192,46956,1,0,0:0:0:0:syn_15.wav
320,192,47049,1,0,0:0:0:0:snare_roll.wav
192,192,47142,1,0,0:0:0:0:snare_roll.wav
448,192,47142,1,0,0:0:0:0:syn_17.wav
64,192,47189,1,0,0:0:0:0:syn_17.wav
320,192,47236,1,0,0:0:0:0:snare_roll.wav
448,192,47236,1,0,0:0:0:0:syn_17.wav
192,192,47282,1,0,0:0:0:0:syn_17.wav
64,192,47329,1,0,0:0:0:0:syn_13.wav
320,192,47329,1,0,0:0:0:0:snare_roll.wav
192,192,47422,1,0,0:0:0:0:snare_roll.wav
64,192,47515,1,0,0:0:0:0:syn_18.wav
320,192,47515,1,0,0:0:0:0:snare_roll.wav
192,192,47608,1,0,0:0:0:0:snare_roll.wav
448,192,47608,1,0,0:0:0:0:syn_19.wav
64,192,47701,1,0,0:0:0:0:hit_1.wav
192,192,47701,1,0,0:0:0:0:syn_24.wav
320,192,47795,1,0,0:0:0:0:hit_2.wav
448,192,47795,1,0,0:0:0:0:syn_13.wav
64,192,47981,1,0,0:0:0:0:hit_1.wav
192,192,47981,1,0,0:0:0:0:syn_24.wav
320,192,48074,1,0,0:0:0:0:hit_2.wav
448,192,48074,1,0,0:0:0:0:syn_13.wav
64,192,48260,1,0,0:0:0:0:hit_1.wav
192,192,48260,1,0,0:0:0:0:syn_24.wav
320,192,48354,1,0,0:0:0:0:hit_2.wav
448,192,48354,1,0,0:0:0:0:syn_13.wav
64,192,48633,1,0,0:0:0:0:kick.wav
448,192,48726,1,0,0:0:0:0:kick.wav
64,192,48819,1,0,0:0:0:0:kick.wav
192,192,48819,1,0,0:0:0:0:claprev.wav
320,192,48819,1,0,0:0:0:0:cym.wav
448,192,49006,1,0,0:0:0:0:kick.wav
64,192,49192,1,0,0:0:0:0:kick.wav
192,192,49192,1,0,0:0:0:0:hh_1.wav
320,192,49285,1,0,0:0:0:0:hh_2.wav
448,192,49378,1,0,0:0:0:0:hh_3.wav
64,192,49565,1,0,0:0:0:0:hh_1.wav
448,192,49565,1,0,0:0:0:0:kick.wav
192,192,49658,1,0,0:0:0:0:hh_2.wav
320,192,49751,1,0,0:0:0:0:hh_3.wav
448,192,49844,1,0,0:0:0:0:hh_2.wav
64,192,49937,1,0,0:0:0:0:kick.wav
320,192,49937,1,0,0:0:0:0:hh_1.wav
192,192,50031,1,0,0:0:0:0:hh_2.wav
320,192,50124,1,0,0:0:0:0:hh_3.wav
192,192,50310,1,0,0:0:0:0:hh_1.wav
448,192,50310,1,0,0:0:0:0:kick.wav
320,192,50403,1,0,0:0:0:0:hh_1.wav
192,192,50496,1,0,0:0:0:0:hh_3.wav
320,192,50590,1,0,0:0:0:0:hh_2.wav
64,192,50683,1,0,0:0:0:0:kick.wav
448,192,50683,1,0,0:0:0:0:hh_1.wav
320,192,50776,1,0,0:0:0:0:hh_2.wav
192,192,50869,1,0,0:0:0:0:hh_3.wav
320,192,51055,1,0,0:0:0:0:hh_1.wav
448,192,51055,1,0,0:0:0:0:kick.wav
192,192,51149,1,0,0:0:0:0:hh_2.wav
64,192,51242,1,0,0:0:0:0:hh_3.wav
64,192,51428,1,0,0:0:0:0:kick.wav
192,192,51428,1,0,0:0:0:0:hh_1.wav
448,192,51521,1,0,0:0:0:0:hh_1.wav
320,192,51614,1,0,0:0:0:0:hh_3.wav
192,192,51708,1,0,0:0:0:0:hh_2.wav
64,192,51801,1,0,0:0:0:0:hh_1.wav
448,192,51801,1,0,0:0:0:0:kick.wav
192,192,51894,1,0,0:0:0:0:hh_2.wav
320,192,51987,1,0,0:0:0:0:hh_3.wav
448,192,52080,1,0,0:0:0:0:hh_2.wav
64,192,52173,1,0,0:0:0:0:kick.wav
320,192,52173,1,0,0:0:0:0:hh_1.wav
192,192,52267,1,0,0:0:0:0:hh_2.wav
320,192,52360,1,0,0:0:0:0:hh_3.wav
320,192,52546,1,0,0:0:0:0:hh_1.wav
448,192,52546,1,0,0:0:0:0:kick.wav
192,192,52639,1,0,0:0:0:0:hh_2.wav
64,192,52732,1,0,0:0:0:0:hh_3.wav
192,192,52826,1,0,0:0:0:0:hh_2.wav
64,192,52919,1,0,0:0:0:0:kick.wav
320,192,52919,1,0,0:0:0:0:hh_1.wav
448,192,53012,1,0,0:0:0:0:hh_2.wav
320,192,53105,1,0,0:0:0:0:hh_3.wav
64,192,53291,1,0,0:0:0:0:hh_1.wav
448,192,53291,1,0,0:0:0:0:kick.wav
192,192,53385,1,0,0:0:0:0:hh_1.wav
320,192,53478,1,0,0:0:0:0:hh_3.wav
448,192,53571,1,0,0:0:0:0:hh_2.wav
64,192,53664,1,0,0:0:0:0:kick.wav
192,192,53664,1,0,0:0:0:0:hh_1.wav
320,192,53757,1,0,0:0:0:0:hh_2.wav
448,192,53850,1,0,0:0:0:0:hh_3.wav
320,192,54037,1,0,0:0:0:0:hh_1.wav
448,192,54037,1,0,0:0:0:0:kick.wav
192,192,54130,1,0,0:0:0:0:hh_2.wav
64,192,54223,1,0,0:0:0:0:hh_3.wav
64,192,54409,1,0,0:0:0:0:kick.wav
192,192,54409,1,0,0:0:0:0:hh_1.wav
320,192,54503,1,0,0:0:0:0:hh_1.wav
192,192,54596,1,0,0:0:0:0:hh_3.wav
320,192,54689,1,0,0:0:0:0:hh_2.wav
64,192,54782,1,0,0:0:0:0:kick.wav
448,192,54782,1,0,0:0:0:0:hh_1.wav
320,192,54875,1,0,0:0:0:0:hh_2.wav
64,192,54968,1,0,0:0:0:0:kick.wav
448,192,54968,1,0,0:0:0:0:hh_3.wav
320,192,55062,1,0,0:0:0:0:hh_2.wav
64,192,55155,1,0,0:0:0:0:kick.wav
192,192,55155,1,0,0:0:0:0:hh_1.wav
320,192,55248,1,0,0:0:0:0:hh_2.wav
448,192,55341,1,0,0:0:0:0:hh_3.wav
320,192,55527,1,0,0:0:0:0:hh_1.wav
448,192,55527,1,0,0:0:0:0:kick.wav
192,192,55621,1,0,0:0:0:0:hh_2.wav
64,192,55714,1,0,0:0:0:0:hh_3.wav
192,192,55807,1,0,0:0:0:0:hh_2.wav
64,192,55900,1,0,0:0:0:0:kick.wav
320,192,55900,1,0,0:0:0:0:hh_1.wav
448,192,55993,1,0,0:0:0:0:hh_2.wav
320,192,56086,1,0,0:0:0:0:hh_3.wav
64,192,56273,1,0,0:0:0:0:hh_1.wav
448,192,56273,1,0,0:0:0:0:kick.wav
192,192,56366,1,0,0:0:0:0:hh_1.wav
320,192,56459,1,0,0:0:0:0:hh_3.wav
448,192,56552,1,0,0:0:0:0:hh_2.wav
64,192,56645,1,0,0:0:0:0:kick.wav
192,192,56645,1,0,0:0:0:0:hh_1.wav
320,192,56739,1,0,0:0:0:0:hh_2.wav
448,192,56832,1,0,0:0:0:0:hh_3.wav
64,192,57018,1,0,0:0:0:0:hh_1.wav
448,192,57018,1,0,0:0:0:0:kick.wav
192,192,57111,1,0,0:0:0:0:hh_2.wav
320,192,57204,1,0,0:0:0:0:hh_3.wav
64,192,57391,1,0,0:0:0:0:kick.wav
192,192,57391,1,0,0:0:0:0:hh_1.wav
320,192,57484,1,0,0:0:0:0:hh_1.wav
448,192,57577,1,0,0:0:0:0:hh_3.wav
320,192,57670,1,0,0:0:0:0:hh_2.wav
64,192,57763,1,0,0:0:0:0:kick.wav
192,192,57763,1,0,0:0:0:0:hh_1.wav
320,192,57857,1,0,0:0:0:0:hh_2.wav
192,192,57950,1,0,0:0:0:0:hh_3.wav
320,192,58043,1,0,0:0:0:0:hh_2.wav
64,192,58136,1,0,0:0:0:0:kick.wav
192,192,58136,1,0,0:0:0:0:hh_1.wav
448,192,58136,128,0,59627:0:0:0:0:sn_roll_2.wav
320,192,58229,1,0,0:0:0:0:hh_2.wav
192,192,58322,1,0,0:0:0:0:hh_3.wav
64,192,58509,1,0,0:0:0:0:kick.wav
192,192,58509,1,0,0:0:0:0:hh_1.wav
320,192,58602,1,0,0:0:0:0:hh_2.wav
192,192,58695,1,0,0:0:0:0:hh_3.wav
320,192,58788,1,0,0:0:0:0:hh_2.wav
64,192,58881,1,0,0:0:0:0:kick.wav
192,192,58881,1,0,0:0:0:0:hh_1.wav
320,192,58975,1,0,0:0:0:0:hh_2.wav
64,192,59068,1,0,0:0:0:0:kick.wav
192,192,59068,1,0,0:0:0:0:hh_3.wav
64,192,59254,1,0,0:0:0:0:kick.wav
320,192,59254,1,0,0:0:0:0:hh_1.wav
192,192,59347,1,0,0:0:0:0:hh_1.wav
64,192,59440,1,0,0:0:0:0:kick.wav
320,192,59440,128,0,59906:0:0:0:0:lead_1.wav
192,192,59534,1,0,0:0:0:0:hh_2.wav
64,192,59627,1,0,0:0:0:0:kick.wav
192,192,59720,1,0,0:0:0:0:hh_2.wav
448,192,59813,1,0,0:0:0:0:hh_3.wav
192,192,59906,128,0,60186:0:0:0:0:lead_2.wav
64,192,60000,1,0,0:0:0:0:kick.wav
320,192,60000,1,0,0:0:0:0:hh_1.wav
448,192,60093,1,0,0:0:0:0:hh_2.wav
64,192,60186,1,0,0:0:0:0:hh_3.wav
320,192,60186,128,0,60372:0:0:0:0:lead_3.wav
448,192,60279,1,0,0:0:0:0:hh_2.wav
64,192,60372,1,0,0:0:0:0:kick.wav
192,192,60372,1,0,0:0:0:0:hh_1.wav
448,192,60372,128,0,60652:0:0:0:0:lead_4.wav
320,192,60465,1,0,0:0:0:0:hh_2.wav
192,192,60559,1,0,0:0:0:0:hh_3.wav
320,192,60652,128,0,60931:0:0:0:0:lead_5.wav
64,192,60745,1,0,0:0:0:0:kick.wav
192,192,60745,1,0,0:0:0:0:hh_1.wav
448,192,60838,1,0,0:0:0:0:hh_1.wav
64,192,60931,1,0,0:0:0:0:hh_3.wav
192,192,60931,1,0,0:0:0:0:lead_3.wav
448,192,61024,1,0,0:0:0:0:hh_2.wav
192,192,61118,1,0,0:0:0:0:kick.wav
320,192,61118,1,0,0:0:0:0:hh_1.wav
64,192,61118,128,0,61397:0:0:0:0:lead_2.wav
448,192,61211,1,0,0:0:0:0:hh_2.wav
192,192,61304,1,0,0:0:0:0:hh_3.wav
192,192,61397,128,0,61677:0:0:0:0:lead_6.wav
64,192,61490,1,0,0:0:0:0:kick.wav
320,192,61490,1,0,0:0:0:0:hh_1.wav
448,192,61583,1,0,0:0:0:0:hh_2.wav
320,192,61677,1,0,0:0:0:0:hh_3.wav
64,192,61677,128,0,61863:0:0:0:0:lead_7.wav
192,192,61863,1,0,0:0:0:0:kick.wav
448,192,61863,128,0,62142:0:0:0:0:lead_8.wav
320,192,61956,1,0,0:0:0:0:hh_1.wav
192,192,62049,1,0,0:0:0:0:hh_3.wav
64,192,62142,1,0,0:0:0:0:hh_2.wav
320,192,62142,128,0,62422:0:0:0:0:lead_9.wav
192,192,62236,1,0,0:0:0:0:kick.wav
448,192,62329,1,0,0:0:0:0:hh_2.wav
64,192,62422,1,0,0:0:0:0:lead_10.wav
192,192,62422,1,0,0:0:0:0:hh_3.wav
448,192,62515,1,0,0:0:0:0:hh_2.wav
64,192,62608,1,0,0:0:0:0:kick.wav
320,192,62608,1,0,0:0:0:0:hh_1.wav
192,192,62608,128,0,62888:0:0:0:0:lead_11.wav
448,192,62701,1,0,0:0:0:0:hh_2.wav
320,192,62795,1,0,0:0:0:0:hh_3.wav
448,192,62888,128,0,63167:0:0:0:0:lead_6.wav
64,192,62981,1,0,0:0:0:0:kick.wav
320,192,62981,1,0,0:0:0:0:hh_1.wav
192,192,63074,1,0,0:0:0:0:hh_2.wav
64,192,63167,1,0,0:0:0:0:hh_3.wav
320,192,63167,128,0,63354:0:0:0:0:lead_7.wav
448,192,63260,1,0,0:0:0:0:hh_2.wav
64,192,63354,1,0,0:0:0:0:kick.wav
192,192,63354,128,0,63633:0:0:0:0:lead_8.wav
448,192,63447,1,0,0:0:0:0:hh_2.wav
64,192,63540,1,0,0:0:0:0:hh_3.wav
320,192,63633,128,0,63913:0:0:0:0:lead_9.wav
64,192,63726,1,0,0:0:0:0:kick.wav
192,192,63819,1,0,0:0:0:0:hh_1.wav
64,192,63913,1,0,0:0:0:0:hh_3.wav
448,192,63913,1,0,0:0:0:0:lead_12.wav
192,192,64006,1,0,0:0:0:0:hh_2.wav
64,192,64099,1,0,0:0:0:0:kick.wav
448,192,64099,1,0,0:0:0:0:hh_1.wav
320,192,64099,128,0,64658:0:0:0:0:lead_13.wav
192,192,64192,1,0,0:0:0:0:hh_2.wav
448,192,64285,1,0,0:0:0:0:hh_3.wav
64,192,64472,1,0,0:0:0:0:kick.wav
448,192,64472,1,0,0:0:0:0:hh_1.wav
192,192,64565,1,0,0:0:0:0:hh_2.wav
64,192,64658,1,0,0:0:0:0:hh_3.wav
448,192,64658,128,0,65403:0:0:0:0:lead_14.wav
64,192,64844,1,0,0:0:0:0:kick.wav
320,192,64844,1,0,0:0:0:0:hh_1.wav
192,192,64937,1,0,0:0:0:0:hh_1.wav
320,192,65031,1,0,0:0:0:0:hh_3.wav
192,192,65124,1,0,0:0:0:0:hh_2.wav
64,192,65217,1,0,0:0:0:0:kick.wav
320,192,65310,1,0,0:0:0:0:hh_2.wav
64,192,65403,1,0,0:0:0:0:kick.wav
192,192,65403,1,0,0:0:0:0:hh_3.wav
320,192,65496,1,0,0:0:0:0:hh_2.wav
64,192,65590,1,0,0:0:0:0:kick.wav
448,192,65590,1,0,0:0:0:0:hh_1.wav
320,192,65590,128,0,65869:0:0:0:0:lead_15.wav
192,192,65683,1,0,0:0:0:0:hh_2.wav
64,192,65776,1,0,0:0:0:0:hh_3.wav
448,192,65869,128,0,66149:0:0:0:0:lead_16.wav
64,192,65962,1,0,0:0:0:0:kick.wav
192,192,66055,1,0,0:0:0:0:hh_2.wav
64,192,66149,1,0,0:0:0:0:hh_3.wav
320,192,66149,128,0,66335:0:0:0:0:lead_18.wav
448,192,66242,1,0,0:0:0:0:hh_2.wav
64,192,66335,1,0,0:0:0:0:kick.wav
192,192,66335,128,0,67080:0:0:0:0:lead_17.wav
448,192,66428,1,0,0:0:0:0:hh_2.wav
320,192,66521,1,0,0:0:0:0:hh_3.wav
64,192,66708,1,0,0:0:0:0:kick.wav
448,192,66708,1,0,0:0:0:0:hh_1.wav
320,192,66801,1,0,0:0:0:0:hh_1.wav
64,192,66894,1,0,0:0:0:0:hh_3.wav
448,192,66987,1,0,0:0:0:0:hh_2.wav
320,192,67080,1,0,0:0:0:0:kick.wav
448,192,67080,128,0,67360:0:0:0:0:lead_16.wav
64,192,67173,1,0,0:0:0:0:hh_2.wav
320,192,67267,1,0,0:0:0:0:hh_3.wav
192,192,67360,128,0,67639:0:0:0:0:lead_18.wav
64,192,67453,1,0,0:0:0:0:kick.wav
320,192,67546,1,0,0:0:0:0:hh_2.wav
64,192,67639,1,0,0:0:0:0:hh_3.wav
448,192,67639,128,0,67826:0:0:0:0:lead_10.wav
64,192,67826,1,0,0:0:0:0:kick.wav
192,192,67826,128,0,68105:0:0:0:0:lead_9.wav
320,192,67919,1,0,0:0:0:0:hh_1.wav
448,192,68012,1,0,0:0:0:0:hh_3.wav
64,192,68105,1,0,0:0:0:0:lead_19.wav
320,192,68105,1,0,0:0:0:0:hh_2.wav
448,192,68198,1,0,0:0:0:0:kick.wav
192,192,68291,1,0,0:0:0:0:hh_2.wav
64,192,68385,1,0,0:0:0:0:hh_3.wav
320,192,68385,1,0,0:0:0:0:lead_20.wav
448,192,68478,1,0,0:0:0:0:hh_2.wav
64,192,68571,1,0,0:0:0:0:kick.wav
192,192,68571,1,0,0:0:0:0:hh_1.wav
320,192,68571,1,0,0:0:0:0:snare_roll.wav
448,192,68664,1,0,0:0:0:0:snare_roll.wav
64,192,68757,1,0,0:0:0:0:kick.wav
192,192,68757,1,0,0:0:0:0:hh_3.wav
320,192,68757,1,0,0:0:0:0:snare_roll.wav
448,192,68850,1,0,0:0:0:0:snare_roll.wav
64,192,68944,1,0,0:0:0:0:kick.wav
192,192,68944,1,0,0:0:0:0:hh_1.wav
320,192,68944,1,0,0:0:0:0:snare_roll.wav
448,192,69037,1,0,0:0:0:0:snare_roll.wav
64,192,69130,1,0,0:0:0:0:kick.wav
192,192,69130,1,0,0:0:0:0:hh_3.wav
320,192,69130,1,0,0:0:0:0:snare_roll.wav
448,192,69223,1,0,0:0:0:0:snare_roll.wav
192,192,69316,1,0,0:0:0:0:kick.wav
320,192,69316,1,0,0:0:0:0:snare_roll.wav
64,192,69409,1,0,0:0:0:0:snare_roll.wav
448,192,69409,1,0,0:0:0:0:kick.wav
192,192,69503,1,0,0:0:0:0:kick.wav
320,192,69503,1,0,0:0:0:0:snare_roll.wav
64,192,69596,1,0,0:0:0:0:snare_roll.wav
448,192,69596,1,0,0:0:0:0:kick.wav
192,192,69689,1,0,0:0:0:0:kick.wav
320,192,69689,1,0,0:0:0:0:snare_roll.wav
64,192,69782,1,0,0:0:0:0:snare_roll.wav
448,192,69782,1,0,0:0:0:0:kick.wav
192,192,69875,1,0,0:0:0:0:kick.wav
320,192,69875,1,0,0:0:0:0:snare_roll.wav
64,192,69968,1,0,0:0:0:0:snare_roll.wav
448,192,69968,1,0,0:0:0:0:kick.wav
64,192,70062,1,0,0:0:0:0:kick.wav
192,192,70062,1,0,0:0:0:0:syn_b_1.wav
320,192,70155,1,0,0:0:0:0:syn_b_2.wav
448,192,70248,1,0,0:0:0:0:syn_b_3.wav
320,192,70341,1,0,0:0:0:0:syn_b_4.wav
64,192,70434,1,0,0:0:0:0:kick.wav
192,192,70434,1,0,0:0:0:0:syn_b_3.wav
448,192,70434,1,0,0:0:0:0:sn_clap_1.wav
320,192,70527,1,0,0:0:0:0:syn_b_2.wav
448,192,70621,1,0,0:0:0:0:syn_b_1.wav
320,192,70714,1,0,0:0:0:0:syn_b_2.wav
64,192,70807,1,0,0:0:0:0:kick.wav
192,192,70807,1,0,0:0:0:0:syn_b_3.wav
320,192,70854,1,0,0:0:0:0:syn_b_4.wav
64,192,70900,1,0,0:0:0:0:sn_clap_2.wav
448,192,70900,1,0,0:0:0:0:syn_b_3.wav
320,192,70947,1,0,0:0:0:0:syn_b_2.wav
192,192,70993,1,0,0:0:0:0:syn_b_3.wav
320,192,71040,1,0,0:0:0:0:syn_b_4.wav
448,192,71086,1,0,0:0:0:0:syn_b_3.wav
320,192,71133,1,0,0:0:0:0:syn_b_2.wav
64,192,71180,1,0,0:0:0:0:kick.wav
192,192,71180,1,0,0:0:0:0:hit_11.wav
448,192,71180,1,0,0:0:0:0:sn_clap_1.wav
64,192,71552,1,0,0:0:0:0:kick.wav
448,192,71552,1,0,0:0:0:0:syn_b_1.wav
320,192,71645,1,0,0:0:0:0:syn_b_2.wav
192,192,71739,1,0,0:0:0:0:syn_b_3.wav
320,192,71832,1,0,0:0:0:0:syn_b_4.wav
64,192,71925,1,0,0:0:0:0:kick.wav
192,192,71925,1,0,0:0:0:0:sn_clap_1.wav
448,192,71925,1,0,0:0:0:0:syn_b_3.wav
320,192,72018,1,0,0:0:0:0:syn_b_2.wav
192,192,72111,1,0,0:0:0:0:syn_b_1.wav
320,192,72204,1,0,0:0:0:0:syn_b_2.wav
448,192,72204,1,0,0:0:0:0:sn_clap_2.wav
64,192,72298,1,0,0:0:0:0:kick.wav
192,192,72298,1,0,0:0:0:0:syn_b_3.wav
320,192,72344,1,0,0:0:0:0:syn_b_4.wav
64,192,72391,1,0,0:0:0:0:sn_clap_2.wav
448,192,72391,1,0,0:0:0:0:syn_b_3.wav
320,192,72437,1,0,0:0:0:0:syn_b_2.wav
64,192,72484,1,0,0:0:0:0:hh_3.wav
192,192,72484,1,0,0:0:0:0:syn_b_3.wav
320,192,72531,1,0,0:0:0:0:syn_b_4.wav
448,192,72577,1,0,0:0:0:0:syn_b_3.wav
320,192,72624,1,0,0:0:0:0:syn_b_2.wav
64,192,72670,1,0,0:0:0:0:kick.wav
192,192,72670,1,0,0:0:0:0:sn_clap_1.wav
448,192,72670,1,0,0:0:0:0:hit_11.wav
64,192,73043,1,0,0:0:0:0:kick.wav
192,192,73043,1,0,0:0:0:0:syn_b_1.wav
320,192,73136,1,0,0:0:0:0:syn_b_2.wav
448,192,73229,1,0,0:0:0:0:syn_b_3.wav
320,192,73322,1,0,0:0:0:0:syn_b_4.wav
64,192,73416,1,0,0:0:0:0:kick.wav
192,192,73416,1,0,0:0:0:0:syn_b_3.wav
448,192,73416,1,0,0:0:0:0:sn_clap_1.wav
320,192,73509,1,0,0:0:0:0:syn_b_2.wav
448,192,73602,1,0,0:0:0:0:syn_b_1.wav
320,192,73695,1,0,0:0:0:0:syn_b_2.wav
64,192,73788,1,0,0:0:0:0:kick.wav
192,192,73788,1,0,0:0:0:0:syn_b_3.wav
320,192,73835,1,0,0:0:0:0:syn_b_4.wav
192,192,73881,1,0,0:0:0:0:sn_clap_2.wav
448,192,73881,1,0,0:0:0:0:syn_b_3.wav
320,192,73928,1,0,0:0:0:0:syn_b_2.wav
192,192,73975,1,0,0:0:0:0:syn_b_3.wav
64,192,74021,1,0,0:0:0:0:syn_b_4.wav
192,192,74068,1,0,0:0:0:0:syn_b_3.wav
320,192,74114,1,0,0:0:0:0:syn_b_2.wav
64,192,74161,1,0,0:0:0:0:kick.wav
192,192,74161,1,0,0:0:0:0:sn_clap_1.wav
448,192,74161,1,0,0:0:0:0:syn_b_1.wav
320,192,74254,1,0,0:0:0:0:syn_b_2.wav
192,192,74347,1,0,0:0:0:0:syn_b_3.wav
320,192,74440,1,0,0:0:0:0:syn_b_4.wav
64,192,74534,1,0,0:0:0:0:kick.wav
192,192,74534,1,0,0:0:0:0:syn_b_5.wav
320,192,74627,1,0,0:0:0:0:syn_b_6.wav
448,192,74720,1,0,0:0:0:0:syn_b_7.wav
320,192,74813,1,0,0:0:0:0:syn_b_8.wav
64,192,74906,1,0,0:0:0:0:kick.wav
192,192,74906,1,0,0:0:0:0:syn_b_7.wav
448,192,74906,1,0,0:0:0:0:sn_clap_1.wav
320,192,75000,1,0,0:0:0:0:syn_b_6.wav
448,192,75093,1,0,0:0:0:0:syn_b_5.wav
192,192,75186,1,0,0:0:0:0:sn_clap_2.wav
320,192,75186,1,0,0:0:0:0:syn_b_4.wav
64,192,75279,1,0,0:0:0:0:kick.wav
448,192,75279,1,0,0:0:0:0:syn_b_9.wav
320,192,75326,1,0,0:0:0:0:syn_b_10.wav
192,192,75372,1,0,0:0:0:0:syn_b_9.wav
448,192,75372,1,0,0:0:0:0:sn_clap_2.wav
64,192,75419,1,0,0:0:0:0:syn_b_11.wav
192,192,75465,1,0,0:0:0:0:syn_b_9.wav
320,192,75512,1,0,0:0:0:0:syn_b_10.wav
448,192,75559,1,0,0:0:0:0:syn_b_9.wav
320,192,75605,1,0,0:0:0:0:syn_b_11.wav
64,192,75652,1,0,0:0:0:0:kick.wav
192,192,75652,1,0,0:0:0:0:hit_12.wav
448,192,75652,1,0,0:0:0:0:sn_clap_1.wav
64,192,76024,1,0,0:0:0:0:syn_b_1.wav
448,192,76024,1,0,0:0:0:0:kick.wav
192,192,76118,1,0,0:0:0:0:syn_b_2.wav
320,192,76211,1,0,0:0:0:0:syn_b_3.wav
192,192,76304,1,0,0:0:0:0:syn_b_4.wav
64,192,76397,1,0,0:0:0:0:sn_clap_1.wav
320,192,76397,1,0,0:0:0:0:syn_b_3.wav
448,192,76397,1,0,0:0:0:0:kick.wav
192,192,76490,1,0,0:0:0:0:syn_b_2.wav
320,192,76583,1,0,0:0:0:0:syn_b_1.wav
448,192,76677,1,0,0:0:0:0:syn_b_2.wav
320,192,76770,1,0,0:0:0:0:syn_b_3.wav
448,192,76770,1,0,0:0:0:0:kick.wav
192,192,76816,1,0,0:0:0:0:syn_b_4.wav
64,192,76863,1,0,0:0:0:0:syn_b_3.wav
320,192,76863,1,0,0:0:0:0:sn_clap_2.wav
192,192,76909,1,0,0:0:0:0:syn_b_2.wav
320,192,76956,1,0,0:0:0:0:syn_b_3.wav
448,192,77003,1,0,0:0:0:0:syn_b_4.wav
64,192,77049,1,0,0:0:0:0:syn_b_3.wav
192,192,77096,1,0,0:0:0:0:syn_b_2.wav
64,192,77142,1,0,0:0:0:0:hit_11.wav
320,192,77142,1,0,0:0:0:0:sn_clap_1.wav
448,192,77142,1,0,0:0:0:0:kick.wav
64,192,77515,1,0,0:0:0:0:syn_b_1.wav
448,192,77515,1,0,0:0:0:0:kick.wav
192,192,77608,1,0,0:0:0:0:syn_b_2.wav
320,192,77701,1,0,0:0:0:0:syn_b_3.wav
192,192,77795,1,0,0:0:0:0:syn_b_4.wav
64,192,77888,1,0,0:0:0:0:sn_clap_1.wav
320,192,77888,1,0,0:0:0:0:syn_b_3.wav
448,192,77888,1,0,0:0:0:0:kick.wav
192,192,77981,1,0,0:0:0:0:syn_b_2.wav
64,192,78074,1,0,0:0:0:0:syn_b_1.wav
192,192,78167,1,0,0:0:0:0:syn_b_2.wav
320,192,78167,1,0,0:0:0:0:sn_clap_2.wav
64,192,78260,1,0,0:0:0:0:kick.wav
448,192,78260,1,0,0:0:0:0:syn_b_3.wav
320,192,78307,1,0,0:0:0:0:syn_b_4.wav
192,192,78354,1,0,0:0:0:0:syn_b_3.wav
448,192,78354,1,0,0:0:0:0:sn_clap_2.wav
64,192,78400,1,0,0:0:0:0:syn_b_2.wav
192,192,78447,1,0,0:0:0:0:syn_b_3.wav
320,192,78493,1,0,0:0:0:0:syn_b_4.wav
448,192,78540,1,0,0:0:0:0:syn_b_3.wav
320,192,78586,1,0,0:0:0:0:syn_b_2.wav
64,192,78633,1,0,0:0:0:0:kick.wav
192,192,78633,1,0,0:0:0:0:hit_11.wav
448,192,78633,1,0,0:0:0:0:sn_clap_1.wav
64,192,79006,1,0,0:0:0:0:syn_b_1.wav
448,192,79006,1,0,0:0:0:0:kick.wav
192,192,79099,1,0,0:0:0:0:syn_b_2.wav
320,192,79192,1,0,0:0:0:0:syn_b_3.wav
448,192,79285,1,0,0:0:0:0:syn_b_4.wav
64,192,79378,1,0,0:0:0:0:kick.wav
320,192,79378,1,0,0:0:0:0:syn_b_3.wav
192,192,79472,1,0,0:0:0:0:syn_b_2.wav
64,192,79565,1,0,0:0:0:0:syn_b_1.wav
192,192,79658,1,0,0:0:0:0:syn_b_2.wav
64,192,79751,1,0,0:0:0:0:syn_b_3.wav
448,192,79751,1,0,0:0:0:0:kick.wav
320,192,79798,1,0,0:0:0:0:syn_b_4.wav
64,192,79844,1,0,0:0:0:0:syn_b_3.wav
448,192,79844,1,0,0:0:0:0:sn_clap_2.wav
192,192,79891,1,0,0:0:0:0:syn_b_2.wav
320,192,79937,1,0,0:0:0:0:syn_b_3.wav
448,192,79984,1,0,0:0:0:0:syn_b_4.wav
320,192,80031,1,0,0:0:0:0:syn_b_3.wav
192,192,80077,1,0,0:0:0:0:syn_b_2.wav
64,192,80124,1,0,0:0:0:0:syn_b_1.wav
448,192,80124,1,0,0:0:0:0:kick.wav
192,192,80217,1,0,0:0:0:0:syn_b_2.wav
320,192,80310,1,0,0:0:0:0:syn_b_3.wav
192,192,80403,1,0,0:0:0:0:syn_b_4.wav
64,192,80496,1,0,0:0:0:0:sn_roll_2.wav
320,192,80496,1,0,0:0:0:0:syn_b_5.wav
448,192,80496,1,0,0:0:0:0:kick.wav
192,192,80590,1,0,0:0:0:0:syn_b_6.wav
320,192,80683,1,0,0:0:0:0:syn_b_7.wav
448,192,80776,1,0,0:0:0:0:syn_b_8.wav
320,192,80869,1,0,0:0:0:0:syn_b_7.wav
192,192,80962,1,0,0:0:0:0:syn_b_6.wav
320,192,81055,1,0,0:0:0:0:syn_b_5.wav
192,192,81149,1,0,0:0:0:0:syn_b_4.wav
64,192,81242,1,0,0:0:0:0:syn_b_9.wav
192,192,81335,1,0,0:0:0:0:syn_b_10.wav
320,192,81428,1,0,0:0:0:0:syn_b_9.wav
192,192,81521,1,0,0:0:0:0:syn_b_11.wav
448,192,81521,1,0,0:0:0:0:kick.wav
64,192,81614,1,0,0:0:0:0:kick.wav
192,192,81614,1,0,0:0:0:0:sn_clap_2.wav
448,192,81614,1,0,0:0:0:0:syn_b_12.wav
320,192,81661,1,0,0:0:0:0:syn_b_10.wav
192,192,81708,1,0,0:0:0:0:syn_b_9.wav
64,192,81754,1,0,0:0:0:0:syn_b_11.wav
192,192,81801,1,0,0:0:0:0:kick.wav
448,192,81801,1,0,0:0:0:0:syn_b_12.wav
320,192,81847,1,0,0:0:0:0:syn_b_10.wav
192,192,81894,1,0,0:0:0:0:syn_b_9.wav
448,192,81894,1,0,0:0:0:0:sn_clap_2.wav
64,192,81940,1,0,0:0:0:0:syn_b_11.wav
192,192,81987,1,0,0:0:0:0:syn_b_1.wav
448,192,81987,1,0,0:0:0:0:cym.wav
320,192,82080,1,0,0:0:0:0:syn_b_2.wav
64,192,82173,1,0,0:0:0:0:vo_ho_r.wav
192,192,82173,1,0,0:0:0:0:sn_clap_2.wav
448,192,82173,1,0,0:0:0:0:syn_b_3.wav
320,192,82267,1,0,0:0:0:0:syn_b_4.wav
192,192,82360,1,0,0:0:0:0:syn_b_3.wav
448,192,82360,1,0,0:0:0:0:kick.wav
64,192,82453,1,0,0:0:0:0:syn_b_2.wav
192,192,82546,1,0,0:0:0:0:syn_b_1.wav
320,192,82546,1,0,0:0:0:0:vo_ho_l.wav
448,192,82546,1,0,0:0:0:0:sn_clap_2.wav
64,192,82639,1,0,0:0:0:0:syn_b_2.wav
192,192,82732,1,0,0:0:0:0:syn_b_3.wav
448,192,82732,1,0,0:0:0:0:kick.wav
320,192,82779,1,0,0:0:0:0:syn_b_4.wav
448,192,82826,1,0,0:0:0:0:syn_b_3.wav
320,192,82872,1,0,0:0:0:0:syn_b_2.wav
64,192,82919,1,0,0:0:0:0:vo_ho_r.wav
192,192,82919,1,0,0:0:0:0:sn_clap_2.wav
448,192,82919,1,0,0:0:0:0:syn_b_3.wav
320,192,82965,1,0,0:0:0:0:syn_b_4.wav
192,192,83012,1,0,0:0:0:0:syn_b_3.wav
64,192,83059,1,0,0:0:0:0:syn_b_2.wav
192,192,83105,1,0,0:0:0:0:syn_b_1.wav
320,192,83105,1,0,0:0:0:0:hit_11.wav
448,192,83105,1,0,0:0:0:0:kick.wav
320,192,83198,1,0,0:0:0:0:syn_b_2.wav
64,192,83291,1,0,0:0:0:0:vo_ho_l.wav
192,192,83291,1,0,0:0:0:0:sn_clap_2.wav
448,192,83291,1,0,0:0:0:0:syn_b_3.wav
448,192,83385,1,0,0:0:0:0:syn_b_4.wav
64,192,83478,1,0,0:0:0:0:kick.wav
320,192,83478,1,0,0:0:0:0:syn_b_3.wav
192,192,83571,1,0,0:0:0:0:syn_b_2.wav
64,192,83664,1,0,0:0:0:0:syn_b_1.wav
320,192,83664,1,0,0:0:0:0:sn_clap_2.wav
448,192,83664,1,0,0:0:0:0:vo_ho_r.wav
192,192,83757,1,0,0:0:0:0:syn_b_2.wav
64,192,83850,1,0,0:0:0:0:kick.wav
320,192,83850,1,0,0:0:0:0:syn_b_3.wav
448,192,83944,1,0,0:0:0:0:syn_b_4.wav
64,192,84037,1,0,0:0:0:0:vo_ho_l.wav
192,192,84037,1,0,0:0:0:0:sn_clap_2.wav
320,192,84037,1,0,0:0:0:0:syn_b_3.wav
448,192,84130,1,0,0:0:0:0:syn_b_2.wav
192,192,84223,1,0,0:0:0:0:kick.wav
320,192,84223,1,0,0:0:0:0:syn_b_1.wav
448,192,84316,1,0,0:0:0:0:syn_b_2.wav
320,192,84363,1,0,0:0:0:0:syn_b_3.wav
64,192,84409,1,0,0:0:0:0:vo_ho_r.wav
192,192,84409,1,0,0:0:0:0:sn_clap_2.wav
448,192,84409,1,0,0:0:0:0:syn_b_4.wav
320,192,84456,1,0,0:0:0:0:syn_b_3.wav
192,192,84503,1,0,0:0:0:0:syn_b_2.wav
320,192,84549,1,0,0:0:0:0:syn_b_3.wav
64,192,84596,1,0,0:0:0:0:hit_11.wav
192,192,84596,1,0,0:0:0:0:kick.wav
448,192,84596,1,0,0:0:0:0:syn_b_4.wav
320,192,84642,1,0,0:0:0:0:syn_b_3.wav
192,192,84689,1,0,0:0:0:0:syn_b_2.wav
64,192,84782,1,0,0:0:0:0:vo_ho_l.wav
192,192,84782,1,0,0:0:0:0:syn_b_1.wav
448,192,84782,1,0,0:0:0:0:sn_clap_2.wav
320,192,84875,1,0,0:0:0:0:syn_b_2.wav
192,192,84968,1,0,0:0:0:0:syn_b_3.wav
448,192,84968,1,0,0:0:0:0:vo_ho_r.wav
64,192,85062,1,0,0:0:0:0:syn_b_4.wav
320,192,85062,1,0,0:0:0:0:sn_clap_2.wav
192,192,85155,1,0,0:0:0:0:syn_b_3.wav
320,192,85248,1,0,0:0:0:0:syn_b_2.wav
192,192,85341,1,0,0:0:0:0:kick.wav
448,192,85341,1,0,0:0:0:0:syn_b_1.wav
320,192,85434,1,0,0:0:0:0:syn_b_2.wav
64,192,85527,1,0,0:0:0:0:vo_ho_l.wav
192,192,85527,1,0,0:0:0:0:syn_b_3.wav
448,192,85527,1,0,0:0:0:0:sn_clap_2.wav
320,192,85574,1,0,0:0:0:0:syn_b_4.wav
192,192,85621,1,0,0:0:0:0:syn_b_3.wav
64,192,85667,1,0,0:0:0:0:syn_b_2.wav
192,192,85714,1,0,0:0:0:0:syn_b_3.wav
448,192,85714,1,0,0:0:0:0:kick.wav
320,192,85760,1,0,0:0:0:0:syn_b_4.wav
192,192,85807,1,0,0:0:0:0:syn_b_3.wav
64,192,85854,1,0,0:0:0:0:syn_b_2.wav
192,192,85900,1,0,0:0:0:0:syn_b_1.wav
320,192,85900,1,0,0:0:0:0:vo_ho_r.wav
448,192,85900,1,0,0:0:0:0:sn_clap_2.wav
320,192,85993,1,0,0:0:0:0:syn_b_2.wav
64,192,86086,1,0,0:0:0:0:kick.wav
448,192,86086,1,0,0:0:0:0:syn_b_3.wav
320,192,86180,1,0,0:0:0:0:syn_b_4.wav
64,192,86273,1,0,0:0:0:0:vo_ho_l.wav
192,192,86273,1,0,0:0:0:0:syn_b_3.wav
448,192,86273,1,0,0:0:0:0:sn_clap_2.wav
192,192,86366,1,0,0:0:0:0:syn_b_2.wav
64,192,86459,1,0,0:0:0:0:syn_b_5.wav
320,192,86459,1,0,0:0:0:0:kick.wav
192,192,86552,1,0,0:0:0:0:syn_b_6.wav
64,192,86645,1,0,0:0:0:0:vo_ho_r.wav
320,192,86645,1,0,0:0:0:0:sn_clap_2.wav
448,192,86645,1,0,0:0:0:0:syn_b_7.wav
192,192,86739,1,0,0:0:0:0:syn_b_8.wav
64,192,86832,1,0,0:0:0:0:syn_b_7.wav
448,192,86832,1,0,0:0:0:0:kick.wav
192,192,86925,1,0,0:0:0:0:syn_b_6.wav
64,192,87018,1,0,0:0:0:0:sn_clap_2.wav
320,192,87018,1,0,0:0:0:0:syn_b_5.wav
448,192,87018,1,0,0:0:0:0:vo_ho_l.wav
192,192,87111,1,0,0:0:0:0:syn_b_4.wav
64,192,87204,1,0,0:0:0:0:syn_b_9.wav
320,192,87204,1,0,0:0:0:0:kick.wav
192,192,87298,1,0,0:0:0:0:syn_b_10.wav
64,192,87391,1,0,0:0:0:0:syn_b_9.wav
320,192,87391,1,0,0:0:0:0:sn_clap_2.wav
448,192,87391,1,0,0:0:0:0:vo_ho_r.wav
192,192,87484,1,0,0:0:0:0:syn_b_11.wav
320,192,87484,1,0,0:0:0:0:sn_clap_2.wav
64,192,87531,1,0,0:0:0:0:syn_b_12.wav
192,192,87577,1,0,0:0:0:0:syn_b_10.wav
320,192,87577,1,0,0:0:0:0:hit_12.wav
448,192,87577,1,0,0:0:0:0:kick.wav
64,192,87624,1,0,0:0:0:0:syn_b_9.wav
448,192,87670,1,0,0:0:0:0:syn_b_11.wav
320,192,87717,1,0,0:0:0:0:syn_b_12.wav
64,192,87763,1,0,0:0:0:0:vo_ho_l.wav
192,192,87763,1,0,0:0:0:0:syn_b_10.wav
448,192,87763,1,0,0:0:0:0:kick.wav
320,192,87810,1,0,0:0:0:0:syn_b_9.wav
448,192,87857,1,0,0:0:0:0:syn_b_11.wav
64,192,87950,1,0,0:0:0:0:syn_b_1.wav
320,192,87950,1,0,0:0:0:0:cym.wav
448,192,87950,1,0,0:0:0:0:kick.wav
192,192,88043,1,0,0:0:0:0:syn_b_2.wav
64,192,88136,1,0,0:0:0:0:vo_ho_r.wav
320,192,88136,1,0,0:0:0:0:syn_b_3.wav
448,192,88229,1,0,0:0:0:0:syn_b_4.wav
64,192,88322,1,0,0:0:0:0:kick.wav
320,192,88322,1,0,0:0:0:0:syn_b_3.wav
192,192,88416,1,0,0:0:0:0:syn_b_2.wav
64,192,88509,1,0,0:0:0:0:syn_b_1.wav
448,192,88509,1,0,0:0:0:0:vo_ho_l.wav
192,192,88602,1,0,0:0:0:0:syn_b_2.wav
320,192,88649,1,0,0:0:0:0:syn_b_3.wav
64,192,88695,1,0,0:0:0:0:kick.wav
448,192,88695,1,0,0:0:0:0:syn_b_4.wav
320,192,88742,1,0,0:0:0:0:syn_b_3.wav
192,192,88788,1,0,0:0:0:0:syn_b_2.wav
320,192,88835,1,0,0:0:0:0:syn_b_3.wav
64,192,88881,1,0,0:0:0:0:vo_ho_r.wav
448,192,88881,1,0,0:0:0:0:syn_b_4.wav
320,192,88928,1,0,0:0:0:0:syn_b_3.wav
192,192,88975,1,0,0:0:0:0:syn_b_2.wav
64,192,89068,1,0,0:0:0:0:syn_b_1.wav
448,192,89068,1,0,0:0:0:0:kick.wav
192,192,89161,1,0,0:0:0:0:syn_b_2.wav
64,192,89254,1,0,0:0:0:0:vo_ho_l.wav
320,192,89254,1,0,0:0:0:0:syn_b_3.wav
448,192,89347,1,0,0:0:0:0:syn_b_4.wav
64,192,89440,1,0,0:0:0:0:kick.wav
320,192,89440,1,0,0:0:0:0:syn_b_3.wav
192,192,89534,1,0,0:0:0:0:syn_b_2.wav
64,192,89627,1,0,0:0:0:0:syn_b_1.wav
320,192,89627,1,0,0:0:0:0:vo_ho_r.wav
192,192,89720,1,0,0:0:0:0:syn_b_2.wav
64,192,89813,1,0,0:0:0:0:kick.wav
320,192,89813,1,0,0:0:0:0:syn_b_3.wav
448,192,89906,1,0,0:0:0:0:syn_b_4.wav
64,192,90000,1,0,0:0:0:0:sn_clap_2.wav
192,192,90000,1,0,0:0:0:0:vo_ho_l.wav
320,192,90000,1,0,0:0:0:0:syn_b_3.wav
192,192,90093,1,0,0:0:0:0:syn_b_2.wav
64,192,90186,1,0,0:0:0:0:syn_b_1.wav
448,192,90186,1,0,0:0:0:0:kick.wav
192,192,90279,1,0,0:0:0:0:syn_b_2.wav
64,192,90372,1,0,0:0:0:0:vo_ho_r.wav
320,192,90372,1,0,0:0:0:0:syn_b_3.wav
448,192,90419,1,0,0:0:0:0:syn_b_4.wav
64,192,90465,1,0,0:0:0:0:sn_clap_2.wav
320,192,90465,1,0,0:0:0:0:syn_b_3.wav
192,192,90512,1,0,0:0:0:0:syn_b_2.wav
64,192,90559,1,0,0:0:0:0:kick.wav
320,192,90559,1,0,0:0:0:0:syn_b_3.wav
448,192,90605,1,0,0:0:0:0:syn_b_4.wav
320,192,90652,1,0,0:0:0:0:syn_b_3.wav
192,192,90698,1,0,0:0:0:0:syn_b_2.wav
64,192,90745,1,0,0:0:0:0:syn_b_1.wav
448,192,90745,1,0,0:0:0:0:vo_ho_l.wav
192,192,90838,1,0,0:0:0:0:syn_b_2.wav
320,192,90931,1,0,0:0:0:0:syn_b_3.wav
448,192,90931,1,0,0:0:0:0:kick.wav
192,192,91024,1,0,0:0:0:0:syn_b_4.wav
64,192,91118,1,0,0:0:0:0:vo_ho_r.wav
320,192,91118,1,0,0:0:0:0:syn_b_3.wav
448,192,91118,1,0,0:0:0:0:sn_clap_2.wav
192,192,91211,1,0,0:0:0:0:syn_b_2.wav
64,192,91304,1,0,0:0:0:0:syn_b_1.wav
448,192,91304,1,0,0:0:0:0:kick.wav
192,192,91397,1,0,0:0:0:0:syn_b_2.wav
64,192,91490,1,0,0:0:0:0:vo_ho_l.wav
320,192,91490,1,0,0:0:0:0:syn_b_3.wav
448,192,91490,1,0,0:0:0:0:sn_clap_2.wav
192,192,91583,1,0,0:0:0:0:syn_b_4.wav
64,192,91677,1,0,0:0:0:0:kick.wav
320,192,91677,1,0,0:0:0:0:syn_b_3.wav
448,192,91770,1,0,0:0:0:0:syn_b_2.wav
64,192,91863,1,0,0:0:0:0:sn_clap_2.wav
192,192,91863,1,0,0:0:0:0:vo_ho_r.wav
320,192,91863,1,0,0:0:0:0:syn_b_1.wav
448,192,91956,1,0,0:0:0:0:syn_b_2.wav
320,192,92003,1,0,0:0:0:0:syn_b_3.wav
192,192,92049,1,0,0:0:0:0:syn_b_4.wav
448,192,92049,1,0,0:0:0:0:kick.wav
320,192,92096,1,0,0:0:0:0:syn_b_3.wav
192,192,92142,1,0,0:0:0:0:syn_b_2.wav
320,192,92189,1,0,0:0:0:0:syn_b_3.wav
64,192,92236,1,0,0:0:0:0:sn_clap_2.wav
192,192,92236,1,0,0:0:0:0:vo_ho_l.wav
448,192,92236,1,0,0:0:0:0:syn_b_4.wav
320,192,92282,1,0,0:0:0:0:syn_b_3.wav
192,192,92329,1,0,0:0:0:0:syn_b_2.wav
64,192,92422,1,0,0:0:0:0:syn_b_5.wav
448,192,92422,1,0,0:0:0:0:kick.wav
192,192,92515,1,0,0:0:0:0:syn_b_6.wav
64,192,92608,1,0,0:0:0:0:sn_clap_2.wav
320,192,92608,1,0,0:0:0:0:syn_b_7.wav
448,192,92608,1,0,0:0:0:0:vo_ho_r.wav
192,192,92701,1,0,0:0:0:0:syn_b_8.wav
64,192,92795,1,0,0:0:0:0:syn_b_7.wav
448,192,92795,1,0,0:0:0:0:kick.wav
192,192,92888,1,0,0:0:0:0:syn_b_6.wav
64,192,92981,1,0,0:0:0:0:vo_ho_l.wav
320,192,92981,1,0,0:0:0:0:syn_b_5.wav
448,192,92981,1,0,0:0:0:0:sn_clap_2.wav
192,192,93074,1,0,0:0:0:0:syn_b_4.wav
64,192,93167,1,0,0:0:0:0:syn_b_9.wav
448,192,93167,1,0,0:0:0:0:kick.wav
192,192,93260,1,0,0:0:0:0:syn_b_10.wav
64,192,93354,1,0,0:0:0:0:syn_b_9.wav
320,192,93354,1,0,0:0:0:0:vo_ho_r.wav
448,192,93354,1,0,0:0:0:0:sn_clap_2.wav
192,192,93447,1,0,0:0:0:0:syn_b_11.wav
448,192,93447,1,0,0:0:0:0:sn_clap_2.wav
64,192,93540,1,0,0:0:0:0:kick.wav
448,192,93540,1,0,0:0:0:0:syn_b_12.wav
320,192,93586,1,0,0:0:0:0:syn_b_10.wav
192,192,93633,1,0,0:0:0:0:syn_b_9.wav
320,192,93680,1,0,0:0:0:0:syn_b_11.wav
64,192,93726,1,0,0:0:0:0:vo_ho_l.wav
192,192,93726,1,0,0:0:0:0:sn_clap_2.wav
448,192,93726,1,0,0:0:0:0:syn_b_12.wav
320,192,93773,1,0,0:0:0:0:syn_b_10.wav
192,192,93819,1,0,0:0:0:0:syn_b_9.wav
64,192,93866,1,0,0:0:0:0:syn_b_11.wav
192,192,93913,1,0,0:0:0:0:syn_b_1.wav
448,192,93913,1,0,0:0:0:0:kick.wav
320,192,94006,1,0,0:0:0:0:syn_b_2.wav
448,192,94099,1,0,0:0:0:0:syn_b_3.wav
320,192,94192,1,0,0:0:0:0:syn_b_4.wav
192,192,94285,1,0,0:0:0:0:syn_b_3.wav
448,192,94285,1,0,0:0:0:0:kick.wav
64,192,94378,1,0,0:0:0:0:syn_b_2.wav
192,192,94472,1,0,0:0:0:0:syn_b_1.wav
448,192,94472,1,0,0:0:0:0:vo_ho_l.wav
320,192,94565,1,0,0:0:0:0:syn_b_2.wav
64,192,94658,1,0,0:0:0:0:kick.wav
192,192,94658,1,0,0:0:0:0:syn_b_3.wav
320,192,94704,1,0,0:0:0:0:syn_b_4.wav
192,192,94751,1,0,0:0:0:0:syn_b_3.wav
64,192,94798,1,0,0:0:0:0:syn_b_2.wav
192,192,94844,1,0,0:0:0:0:syn_b_3.wav
320,192,94891,1,0,0:0:0:0:syn_b_4.wav
192,192,94937,1,0,0:0:0:0:syn_b_3.wav
64,192,94984,1,0,0:0:0:0:syn_b_2.wav
192,192,95031,1,0,0:0:0:0:syn_b_1.wav
320,192,95031,1,0,0:0:0:0:kick.wav
448,192,95031,1,0,0:0:0:0:hit_11.wav
320,192,95124,1,0,0:0:0:0:syn_b_2.wav
64,192,95217,1,0,0:0:0:0:vo_ho_l.wav
192,192,95217,1,0,0:0:0:0:syn_b_3.wav
320,192,95310,1,0,0:0:0:0:syn_b_4.wav
192,192,95403,1,0,0:0:0:0:syn_b_3.wav
448,192,95403,1,0,0:0:0:0:kick.wav
320,192,95496,1,0,0:0:0:0:syn_b_2.wav
192,192,95590,1,0,0:0:0:0:syn_b_1.wav
320,192,95683,1,0,0:0:0:0:syn_b_2.wav
64,192,95776,1,0,0:0:0:0:kick.wav
448,192,95776,1,0,0:0:0:0:syn_b_3.wav
320,192,95869,1,0,0:0:0:0:syn_b_4.wav
192,192,95962,1,0,0:0:0:0:syn_b_3.wav
448,192,95962,1,0,0:0:0:0:vo_ho_l.wav
64,192,96055,1,0,0:0:0:0:syn_b_2.wav
192,192,96149,1,0,0:0:0:0:syn_b_1.wav
448,192,96149,1,0,0:0:0:0:kick.wav
320,192,96242,1,0,0:0:0:0:syn_b_2.wav
448,192,96335,1,0,0:0:0:0:syn_b_3.wav
320,192,96381,1,0,0:0:0:0:syn_b_4.wav
192,192,96428,1,0,0:0:0:0:syn_b_3.wav
320,192,96475,1,0,0:0:0:0:syn_b_2.wav
64,192,96521,1,0,0:0:0:0:hit_11.wav
192,192,96521,1,0,0:0:0:0:kick.wav
448,192,96521,1,0,0:0:0:0:syn_b_3.wav
320,192,96568,1,0,0:0:0:0:syn_b_4.wav
192,192,96614,1,0,0:0:0:0:syn_b_3.wav
64,192,96661,1,0,0:0:0:0:syn_b_2.wav
192,192,96708,1,0,0:0:0:0:syn_b_1.wav
448,192,96708,1,0,0:0:0:0:vo_ho_l.wav
320,192,96801,1,0,0:0:0:0:syn_b_2.wav
64,192,96894,1,0,0:0:0:0:kick.wav
448,192,96894,1,0,0:0:0:0:syn_b_3.wav
320,192,96987,1,0,0:0:0:0:syn_b_4.wav
192,192,97080,1,0,0:0:0:0:syn_b_3.wav
64,192,97173,1,0,0:0:0:0:syn_b_2.wav
64,192,97267,1,0,0:0:0:0:syn_b_1.wav
320,192,97267,1,0,0:0:0:0:kick.wav
192,192,97360,1,0,0:0:0:0:syn_b_2.wav
64,192,97453,1,0,0:0:0:0:vo_ho_l.wav
320,192,97453,1,0,0:0:0:0:syn_b_3.wav
448,192,97546,1,0,0:0:0:0:syn_b_4.wav
64,192,97639,1,0,0:0:0:0:kick.wav
320,192,97639,1,0,0:0:0:0:syn_b_3.wav
192,192,97732,1,0,0:0:0:0:syn_b_2.wav
64,192,97826,1,0,0:0:0:0:syn_b_1.wav
192,192,97919,1,0,0:0:0:0:syn_b_2.wav
64,192,98012,1,0,0:0:0:0:kick.wav
320,192,98012,1,0,0:0:0:0:syn_b_3.wav
448,192,98059,1,0,0:0:0:0:syn_b_4.wav
192,192,98105,1,0,0:0:0:0:syn_b_3.wav
64,192,98152,1,0,0:0:0:0:syn_b_2.wav
192,192,98198,1,0,0:0:0:0:syn_b_3.wav
320,192,98198,1,0,0:0:0:0:vo_ho_l.wav
448,192,98245,1,0,0:0:0:0:syn_b_4.wav
192,192,98291,1,0,0:0:0:0:syn_b_3.wav
64,192,98338,1,0,0:0:0:0:syn_b_2.wav
192,192,98385,1,0,0:0:0:0:syn_b_5.wav
448,192,98385,1,0,0:0:0:0:kick.wav
320,192,98478,1,0,0:0:0:0:syn_b_6.wav
448,192,98571,1,0,0:0:0:0:syn_b_7.wav
320,192,98664,1,0,0:0:0:0:syn_b_8.wav
192,192,98757,1,0,0:0:0:0:syn_b_7.wav
448,192,98757,1,0,0:0:0:0:kick.wav
64,192,98850,1,0,0:0:0:0:syn_b_6.wav
192,192,98944,1,0,0:0:0:0:syn_b_5.wav
448,192,98944,1,0,0:0:0:0:vo_ho_l.wav
320,192,99037,1,0,0:0:0:0:syn_b_4.wav
64,192,99130,1,0,0:0:0:0:syn_b_9.wav
192,192,99130,1,0,0:0:0:0:kick.wav
448,192,99223,1,0,0:0:0:0:syn_b_10.wav
64,192,99316,1,0,0:0:0:0:syn_b_9.wav
448,192,99409,1,0,0:0:0:0:syn_b_11.wav
64,192,99503,1,0,0:0:0:0:kick.wav
192,192,99503,1,0,0:0:0:0:hit_12.wav
448,192,99503,1,0,0:0:0:0:syn_b_12.wav
320,192,99549,1,0,0:0:0:0:syn_b_10.wav
192,192,99596,1,0,0:0:0:0:syn_b_9.wav
64,192,99642,1,0,0:0:0:0:syn_b_11.wav
192,192,99689,1,0,0:0:0:0:kick.wav
320,192,99689,1,0,0:0:0:0:vo_ho_l.wav
448,192,99689,1,0,0:0:0:0:syn_b_12.wav
64,192,99736,1,0,0:0:0:0:syn_b_10.wav
192,192,99782,1,0,0:0:0:0:syn_b_9.wav
64,192,99829,1,0,0:0:0:0:syn_b_11.wav
192,192,99875,1,0,0:0:0:0:kick.wav
320,192,99875,1,0,0:0:0:0:syn_b_1.wav
448,192,99968,1,0,0:0:0:0:syn_b_2.wav
320,192,100062,1,0,0:0:0:0:syn_b_3.wav
192,192,100155,1,0,0:0:0:0:syn_b_4.wav
64,192,100248,1,0,0:0:0:0:kick.wav
320,192,100248,1,0,0:0:0:0:syn_b_3.wav
192,192,100341,1,0,0:0:0:0:syn_b_2.wav
320,192,100434,1,0,0:0:0:0:syn_b_1.wav
448,192,100434,1,0,0:0:0:0:vo_ho_l.wav
192,192,100527,1,0,0:0:0:0:syn_b_2.wav
64,192,100621,1,0,0:0:0:0:syn_b_3.wav
448,192,100621,1,0,0:0:0:0:kick.wav
192,192,100667,1,0,0:0:0:0:syn_b_4.wav
320,192,100714,1,0,0:0:0:0:syn_b_3.wav
448,192,100760,1,0,0:0:0:0:syn_b_2.wav
320,192,100807,1,0,0:0:0:0:syn_b_3.wav
192,192,100854,1,0,0:0:0:0:syn_b_4.wav
64,192,100900,1,0,0:0:0:0:syn_b_3.wav
192,192,100947,1,0,0:0:0:0:syn_b_2.wav
64,192,100993,1,0,0:0:0:0:hit_11.wav
320,192,100993,1,0,0:0:0:0:syn_b_1.wav
448,192,100993,1,0,0:0:0:0:kick.wav
192,192,101086,1,0,0:0:0:0:syn_b_2.wav
320,192,101180,1,0,0:0:0:0:syn_b_3.wav
448,192,101180,1,0,0:0:0:0:vo_ho_l.wav
192,192,101273,1,0,0:0:0:0:syn_b_4.wav
64,192,101366,1,0,0:0:0:0:syn_b_3.wav
448,192,101366,1,0,0:0:0:0:kick.wav
192,192,101459,1,0,0:0:0:0:syn_b_2.wav
320,192,101552,1,0,0:0:0:0:syn_b_1.wav
448,192,101645,1,0,0:0:0:0:syn_b_2.wav
64,192,101739,1,0,0:0:0:0:kick.wav
320,192,101739,1,0,0:0:0:0:syn_b_3.wav
192,192,101832,1,0,0:0:0:0:syn_b_4.wav
64,192,101925,1,0,0:0:0:0:vo_ho_l.wav
320,192,101925,1,0,0:0:0:0:syn_b_3.wav
448,192,102018,1,0,0:0:0:0:syn_b_2.wav
64,192,102111,1,0,0:0:0:0:syn_b_1.wav
320,192,102111,1,0,0:0:0:0:kick.wav
192,192,102204,1,0,0:0:0:0:syn_b_2.wav
320,192,102298,1,0,0:0:0:0:syn_b_3.wav
448,192,102344,1,0,0:0:0:0:syn_b_4.wav
320,192,102391,1,0,0:0:0:0:syn_b_3.wav
192,192,102437,1,0,0:0:0:0:syn_b_2.wav
64,192,102484,1,0,0:0:0:0:kick.wav
320,192,102484,1,0,0:0:0:0:syn_b_3.wav
448,192,102484,1,0,0:0:0:0:hit_11.wav
192,192,102531,1,0,0:0:0:0:syn_b_4.wav
320,192,102577,1,0,0:0:0:0:syn_b_3.wav
192,192,102624,1,0,0:0:0:0:syn_b_2.wav
64,192,102670,1,0,0:0:0:0:syn_b_1.wav
448,192,102670,1,0,0:0:0:0:vo_ho_l.wav
192,192,102763,1,0,0:0:0:0:syn_b_2.wav
64,192,102857,1,0,0:0:0:0:kick.wav
192,192,102857,1,0,0:0:0:0:syn_b_3.wav
320,192,102903,1,0,0:0:0:0:syn_b_3.wav
192,192,102950,1,0,0:0:0:0:syn_b_4.wav
448,192,102996,1,0,0:0:0:0:syn_b_4.wav
64,192,103043,1,0,0:0:0:0:vo_ho_r.wav
192,192,103043,1,0,0:0:0:0:syn_b_3.wav
320,192,103090,1,0,0:0:0:0:syn_b_3.wav
64,192,103136,1,0,0:0:0:0:syn_b_2.wav
192,192,103183,1,0,0:0:0:0:syn_b_2.wav
64,192,103229,1,0,0:0:0:0:syn_b_1.wav
320,192,103229,1,0,0:0:0:0:kick.wav
192,192,103276,1,0,0:0:0:0:syn_b_1.wav
320,192,103322,1,0,0:0:0:0:syn_b_2.wav
192,192,103369,1,0,0:0:0:0:syn_b_2.wav
64,192,103416,1,0,0:0:0:0:syn_b_3.wav
448,192,103416,1,0,0:0:0:0:vo_ho_l.wav
192,192,103462,1,0,0:0:0:0:syn_b_3.wav
320,192,103509,1,0,0:0:0:0:syn_b_4.wav
448,192,103555,1,0,0:0:0:0:syn_b_4.wav
64,192,103602,1,0,0:0:0:0:kick.wav
192,192,103602,1,0,0:0:0:0:syn_b_3.wav
320,192,103649,1,0,0:0:0:0:syn_b_3.wav
64,192,103695,1,0,0:0:0:0:syn_b_2.wav
192,192,103742,1,0,0:0:0:0:syn_b_2.wav
64,192,103788,1,0,0:0:0:0:syn_b_1.wav
448,192,103788,1,0,0:0:0:0:vo_ho_r.wav
192,192,103835,1,0,0:0:0:0:syn_b_1.wav
320,192,103881,1,0,0:0:0:0:syn_b_2.wav
192,192,103928,1,0,0:0:0:0:syn_b_2.wav
320,192,103975,1,0,0:0:0:0:syn_b_3.wav
448,192,103975,1,0,0:0:0:0:kick.wav
192,192,104021,1,0,0:0:0:0:syn_b_3.wav
448,192,104068,1,0,0:0:0:0:syn_b_4.wav
64,192,104114,1,0,0:0:0:0:syn_b_4.wav
192,192,104161,1,0,0:0:0:0:syn_b_3.wav
320,192,104161,1,0,0:0:0:0:sn_clap_2.wav
448,192,104161,1,0,0:0:0:0:vo_ho_l.wav
64,192,104208,1,0,0:0:0:0:syn_b_3.wav
192,192,104254,1,0,0:0:0:0:syn_b_2.wav
320,192,104301,1,0,0:0:0:0:syn_b_2.wav
64,192,104347,1,0,0:0:0:0:kick.wav
192,192,104347,1,0,0:0:0:0:deep.wav
448,192,104347,1,0,0:0:0:0:cym.wav
192,192,105465,1,0,0:0:0:0:vo_go.wav
320,192,105465,1,0,0:0:0:0:claprev.wav
64,192,105838,1,0,0:0:0:0:kick.wav
192,192,105838,1,0,0:0:0:0:syn_1.wav
320,192,105838,1,0,0:0:0:0:cym.wav
448,192,105838,1,0,0:0:0:0:hit_10.wav
192,192,106024,1,0,0:0:0:0:syn_2.wav
64,192,106211,1,0,0:0:0:0:kick.wav
320,192,106211,1,0,0:0:0:0:syn_3.wav
448,192,106397,1,0,0:0:0:0:syn_4.wav
64,192,106583,1,0,0:0:0:0:kick.wav
320,192,106583,1,0,0:0:0:0:syn_3.wav
192,192,106770,1,0,0:0:0:0:syn_5.wav
320,192,106816,1,0,0:0:0:0:syn_5.wav
448,192,106863,1,0,0:0:0:0:syn_5.wav
320,192,106909,1,0,0:0:0:0:syn_5.wav
64,192,106956,1,0,0:0:0:0:kick.wav
192,192,106956,1,0,0:0:0:0:syn_1.wav
320,192,107142,1,0,0:0:0:0:syn_6.wav
192,192,107236,1,0,0:0:0:0:syn_7.wav
64,192,107329,1,0,0:0:0:0:kick.wav
320,192,107329,1,0,0:0:0:0:syn_3.wav
448,192,107515,1,0,0:0:0:0:syn_8.wav
64,192,107701,1,0,0:0:0:0:kick.wav
320,192,107701,1,0,0:0:0:0:syn_3.wav
192,192,107888,1,0,0:0:0:0:syn_2.wav
64,192,108074,1,0,0:0:0:0:kick.wav
320,192,108074,1,0,0:0:0:0:syn_9.wav
192,192,108167,1,0,0:0:0:0:syn_7.wav
448,192,108260,1,0,0:0:0:0:syn_10.wav
192,192,108354,1,0,0:0:0:0:syn_7.wav
64,192,108447,1,0,0:0:0:0:kick.wav
320,192,108447,1,0,0:0:0:0:syn_11.wav
192,192,108633,1,0,0:0:0:0:syn_12.wav
192,192,108726,1,0,0:0:0:0:syn_12.wav
64,192,108819,1,0,0:0:0:0:kick.wav
320,192,108819,1,0,0:0:0:0:syn_1.wav
448,192,109006,1,0,0:0:0:0:syn_2.wav
64,192,109192,1,0,0:0:0:0:kick.wav
320,192,109192,1,0,0:0:0:0:syn_3.wav
192,192,109378,1,0,0:0:0:0:syn_4.wav
64,192,109565,1,0,0:0:0:0:kick.wav
320,192,109565,1,0,0:0:0:0:syn_3.wav
448,192,109751,1,0,0:0:0:0:syn_5.wav
320,192,109798,1,0,0:0:0:0:syn_5.wav
192,192,109844,1,0,0:0:0:0:syn_5.wav
320,192,109891,1,0,0:0:0:0:syn_5.wav
64,192,109937,1,0,0:0:0:0:kick.wav
448,192,109937,1,0,0:0:0:0:syn_1.wav
320,192,110124,1,0,0:0:0:0:syn_6.wav
192,192,110217,1,0,0:0:0:0:syn_7.wav
64,192,110310,1,0,0:0:0:0:kick.wav
320,192,110310,1,0,0:0:0:0:syn_3.wav
448,192,110496,1,0,0:0:0:0:syn_8.wav
64,192,110683,1,0,0:0:0:0:kick.wav
320,192,110683,1,0,0:0:0:0:syn_3.wav
192,192,110869,1,0,0:0:0:0:syn_2.wav
64,192,111055,1,0,0:0:0:0:kick.wav
448,192,111055,1,0,0:0:0:0:syn_9.wav
192,192,111149,1,0,0:0:0:0:syn_7.wav
320,192,111242,1,0,0:0:0:0:syn_10.wav
192,192,111335,1,0,0:0:0:0:syn_7.wav
64,192,111428,1,0,0:0:0:0:kick.wav
448,192,111428,1,0,0:0:0:0:syn_11.wav
64,192,111614,1,0,0:0:0:0:kick.wav
320,192,111614,1,0,0:0:0:0:syn_12.wav
320,192,111708,1,0,0:0:0:0:syn_12.wav
64,192,111801,1,0,0:0:0:0:kick.wav
192,192,111801,1,0,0:0:0:0:cym.wav
448,192,111801,1,0,0:0:0:0:syn_1.wav
320,192,111987,1,0,0:0:0:0:syn_2.wav
64,192,112173,1,0,0:0:0:0:kick.wav
192,192,112173,1,0,0:0:0:0:syn_3.wav
320,192,112360,1,0,0:0:0:0:syn_4.wav
64,192,112546,1,0,0:0:0:0:kick.wav
448,192,112546,1,0,0:0:0:0:syn_3.wav
192,192,112732,1,0,0:0:0:0:syn_5.wav
320,192,112779,1,0,0:0:0:0:syn_5.wav
192,192,112826,1,0,0:0:0:0:syn_5.wav
320,192,112872,1,0,0:0:0:0:syn_5.wav
64,192,112919,1,0,0:0:0:0:kick.wav
448,192,112919,1,0,0:0:0:0:syn_1.wav
320,192,113105,1,0,0:0:0:0:syn_6.wav
448,192,113198,1,0,0:0:0:0:syn_7.wav
64,192,113291,1,0,0:0:0:0:kick.wav
192,192,113291,1,0,0:0:0:0:syn_3.wav
320,192,113478,1,0,0:0:0:0:syn_8.wav
64,192,113664,1,0,0:0:0:0:kick.wav
192,192,113664,1,0,0:0:0:0:syn_3.wav
320,192,113850,1,0,0:0:0:0:syn_2.wav
64,192,114037,1,0,0:0:0:0:kick.wav
448,192,114037,1,0,0:0:0:0:syn_9.wav
192,192,114130,1,0,0:0:0:0:syn_7.wav
320,192,114223,1,0,0:0:0:0:syn_10.wav
192,192,114316,1,0,0:0:0:0:syn_7.wav
64,192,114409,1,0,0:0:0:0:kick.wav
448,192,114409,1,0,0:0:0:0:syn_11.wav
192,192,114596,1,0,0:0:0:0:syn_12.wav
192,192,114689,1,0,0:0:0:0:syn_12.wav
64,192,114782,1,0,0:0:0:0:kick.wav
448,192,114782,1,0,0:0:0:0:syn_1.wav
320,192,114968,1,0,0:0:0:0:syn_2.wav
64,192,115155,1,0,0:0:0:0:kick.wav
192,192,115155,1,0,0:0:0:0:syn_3.wav
320,192,115341,1,0,0:0:0:0:syn_4.wav
64,192,115527,1,0,0:0:0:0:kick.wav
448,192,115527,1,0,0:0:0:0:syn_3.wav
448,192,115714,1,0,0:0:0:0:syn_5.wav
320,192,115760,1,0,0:0:0:0:syn_5.wav
448,192,115807,1,0,0:0:0:0:syn_5.wav
320,192,115854,1,0,0:0:0:0:syn_5.wav
64,192,115900,1,0,0:0:0:0:kick.wav
192,192,115900,1,0,0:0:0:0:syn_1.wav
448,192,116086,1,0,0:0:0:0:syn_6.wav
192,192,116180,1,0,0:0:0:0:syn_7.wav
64,192,116273,1,0,0:0:0:0:kick.wav
320,192,116273,1,0,0:0:0:0:syn_3.wav
448,192,116459,1,0,0:0:0:0:syn_8.wav
64,192,116645,1,0,0:0:0:0:kick.wav
320,192,116645,1,0,0:0:0:0:syn_3.wav
192,192,116832,1,0,0:0:0:0:syn_2.wav
64,192,117018,1,0,0:0:0:0:kick.wav
192,192,117018,1,0,0:0:0:0:syn_21.wav
448,192,117018,1,0,0:0:0:0:snare_roll.wav
320,192,117080,1,0,0:0:0:0:snare_roll.wav
192,192,117111,1,0,0:0:0:0:snare_roll.wav
448,192,117111,1,0,0:0:0:0:syn_19.wav
64,192,117142,1,0,0:0:0:0:snare_roll.wav
192,192,117204,1,0,0:0:0:0:syn_22.wav
320,192,117298,1,0,0:0:0:0:snare_roll.wav
448,192,117298,1,0,0:0:0:0:syn_19.wav
64,192,117391,1,0,0:0:0:0:kick.wav
192,192,117391,1,0,0:0:0:0:syn_23.wav
448,192,117391,1,0,0:0:0:0:snare_roll.wav
320,192,117484,1,0,0:0:0:0:snare_roll.wav
64,192,117577,1,0,0:0:0:0:kick.wav
192,192,117577,1,0,0:0:0:0:syn_24.wav
448,192,117577,1,0,0:0:0:0:snare_roll.wav
192,192,117670,1,0,0:0:0:0:syn_24.wav
320,192,117670,1,0,0:0:0:0:snare_roll.wav
64,192,117763,1,0,0:0:0:0:kick.wav
192,192,117763,1,0,0:0:0:0:syn_13.wav
448,192,117763,1,0,0:0:0:0:hh_1.wav
320,192,117857,1,0,0:0:0:0:hh_2.wav
192,192,117950,1,0,0:0:0:0:hh_3.wav
448,192,117950,1,0,0:0:0:0:syn_14.wav
64,192,118136,1,0,0:0:0:0:kick.wav
192,192,118136,1,0,0:0:0:0:hh_1.wav
448,192,118136,1,0,0:0:0:0:syn_15.wav
320,192,118229,1,0,0:0:0:0:hh_2.wav
192,192,118322,1,0,0:0:0:0:syn_16.wav
448,192,118322,1,0,0:0:0:0:hh_3.wav
320,192,118416,1,0,0:0:0:0:hh_2.wav
64,192,118509,1,0,0:0:0:0:kick.wav
192,192,118509,1,0,0:0:0:0:hh_1.wav
448,192,118509,1,0,0:0:0:0:syn_15.wav
320,192,118602,1,0,0:0:0:0:hh_2.wav
64,192,118695,1,0,0:0:0:0:syn_17.wav
448,192,118695,1,0,0:0:0:0:hh_3.wav
192,192,118742,1,0,0:0:0:0:syn_17.wav
320,192,118788,1,0,0:0:0:0:syn_17.wav
448,192,118835,1,0,0:0:0:0:syn_17.wav
64,192,118881,1,0,0:0:0:0:kick.wav
192,192,118881,1,0,0:0:0:0:hh_1.wav
320,192,118881,1,0,0:0:0:0:syn_13.wav
192,192,118975,1,0,0:0:0:0:hh_1.wav
64,192,119068,1,0,0:0:0:0:hh_3.wav
448,192,119068,1,0,0:0:0:0:syn_18.wav
192,192,119161,1,0,0:0:0:0:hh_2.wav
320,192,119161,1,0,0:0:0:0:syn_19.wav
64,192,119254,1,0,0:0:0:0:kick.wav
192,192,119254,1,0,0:0:0:0:hh_1.wav
448,192,119254,1,0,0:0:0:0:syn_15.wav
320,192,119347,1,0,0:0:0:0:hh_2.wav
64,192,119440,1,0,0:0:0:0:syn_20.wav
448,192,119440,1,0,0:0:0:0:hh_3.wav
64,192,119627,1,0,0:0:0:0:kick.wav
320,192,119627,1,0,0:0:0:0:hh_1.wav
448,192,119627,1,0,0:0:0:0:syn_15.wav
192,192,119720,1,0,0:0:0:0:hh_2.wav
320,192,119813,1,0,0:0:0:0:hh_3.wav
448,192,119813,1,0,0:0:0:0:syn_14.wav
64,192,120000,1,0,0:0:0:0:kick.wav
448,192,120000,1,0,0:0:0:0:syn_21.wav
192,192,120093,1,0,0:0:0:0:syn_19.wav
320,192,120093,1,0,0:0:0:0:hh_1.wav
64,192,120186,1,0,0:0:0:0:syn_22.wav
448,192,120186,1,0,0:0:0:0:hh_3.wav
192,192,120279,1,0,0:0:0:0:syn_19.wav
320,192,120279,1,0,0:0:0:0:hh_2.wav
64,192,120372,1,0,0:0:0:0:kick.wav
448,192,120372,1,0,0:0:0:0:syn_23.wav
320,192,120465,1,0,0:0:0:0:hh_2.wav
64,192,120559,1,0,0:0:0:0:syn_24.wav
192,192,120559,1,0,0:0:0:0:hh_3.wav
64,192,120652,1,0,0:0:0:0:syn_24.wav
320,192,120652,1,0,0:0:0:0:hh_2.wav
64,192,120745,1,0,0:0:0:0:syn_13.wav
192,192,120745,1,0,0:0:0:0:kick.wav
448,192,120745,1,0,0:0:0:0:hh_1.wav
320,192,120838,1,0,0:0:0:0:hh_2.wav
64,192,120931,1,0,0:0:0:0:hh_3.wav
448,192,120931,1,0,0:0:0:0:syn_14.wav
64,192,121118,1,0,0:0:0:0:kick.wav
192,192,121118,1,0,0:0:0:0:hh_1.wav
448,192,121118,1,0,0:0:0:0:syn_15.wav
320,192,121211,1,0,0:0:0:0:hh_2.wav
192,192,121304,1,0,0:0:0:0:syn_16.wav
448,192,121304,1,0,0:0:0:0:hh_3.wav
320,192,121397,1,0,0:0:0:0:hh_2.wav
64,192,121490,1,0,0:0:0:0:kick.wav
192,192,121490,1,0,0:0:0:0:hh_1.wav
448,192,121490,1,0,0:0:0:0:syn_15.wav
320,192,121583,1,0,0:0:0:0:hh_2.wav
320,192,121677,1,0,0:0:0:0:syn_17.wav
448,192,121677,1,0,0:0:0:0:hh_3.wav
192,192,121723,1,0,0:0:0:0:syn_17.wav
320,192,121770,1,0,0:0:0:0:syn_17.wav
192,192,121816,1,0,0:0:0:0:syn_17.wav
64,192,121863,1,0,0:0:0:0:kick.wav
320,192,121863,1,0,0:0:0:0:syn_13.wav
448,192,121863,1,0,0:0:0:0:hh_1.wav
192,192,121956,1,0,0:0:0:0:hh_1.wav
320,192,122049,1,0,0:0:0:0:hh_3.wav
448,192,122049,1,0,0:0:0:0:syn_18.wav
192,192,122142,1,0,0:0:0:0:hh_2.wav
448,192,122142,1,0,0:0:0:0:syn_19.wav
64,192,122236,1,0,0:0:0:0:kick.wav
320,192,122236,1,0,0:0:0:0:hh_1.wav
448,192,122236,1,0,0:0:0:0:syn_15.wav
192,192,122329,1,0,0:0:0:0:hh_2.wav
320,192,122422,1,0,0:0:0:0:hh_3.wav
448,192,122422,1,0,0:0:0:0:syn_20.wav
64,192,122608,1,0,0:0:0:0:kick.wav
192,192,122608,1,0,0:0:0:0:syn_15.wav
320,192,122608,1,0,0:0:0:0:hh_1.wav
448,192,122701,1,0,0:0:0:0:hh_2.wav
192,192,122795,1,0,0:0:0:0:syn_14.wav
320,192,122795,1,0,0:0:0:0:hh_3.wav
64,192,122981,1,0,0:0:0:0:kick.wav
192,192,122981,1,0,0:0:0:0:syn_21.wav
448,192,122981,1,0,0:0:0:0:hh_1.wav
320,192,123074,1,0,0:0:0:0:syn_19.wav
64,192,123167,1,0,0:0:0:0:hh_3.wav
192,192,123167,1,0,0:0:0:0:syn_22.wav
320,192,123260,1,0,0:0:0:0:syn_19.wav
448,192,123260,1,0,0:0:0:0:hh_2.wav
64,192,123354,1,0,0:0:0:0:kick.wav
192,192,123354,1,0,0:0:0:0:syn_23.wav
448,192,123354,1,0,0:0:0:0:hh_1.wav
64,192,123540,1,0,0:0:0:0:kick.wav
192,192,123540,1,0,0:0:0:0:syn_24.wav
448,192,123540,1,0,0:0:0:0:hh_3.wav
192,192,123633,1,0,0:0:0:0:syn_24.wav
64,192,123726,1,0,0:0:0:0:kick.wav
192,192,123726,1,0,0:0:0:0:syn_13.wav
448,192,123726,1,0,0:0:0:0:hh_1.wav
320,192,123819,1,0,0:0:0:0:hh_2.wav
192,192,123913,1,0,0:0:0:0:hh_3.wav
448,192,123913,1,0,0:0:0:0:syn_14.wav
64,192,124099,1,0,0:0:0:0:kick.wav
192,192,124099,1,0,0:0:0:0:hh_1.wav
448,192,124099,1,0,0:0:0:0:syn_15.wav
320,192,124192,1,0,0:0:0:0:hh_2.wav
192,192,124285,1,0,0:0:0:0:syn_16.wav
448,192,124285,1,0,0:0:0:0:hh_3.wav
320,192,124378,1,0,0:0:0:0:hh_2.wav
64,192,124472,1,0,0:0:0:0:kick.wav
192,192,124472,1,0,0:0:0:0:hh_1.wav
448,192,124472,1,0,0:0:0:0:syn_15.wav
320,192,124565,1,0,0:0:0:0:hh_2.wav
64,192,124658,1,0,0:0:0:0:hh_3.wav
320,192,124658,1,0,0:0:0:0:syn_17.wav
192,192,124704,1,0,0:0:0:0:syn_17.wav
320,192,124751,1,0,0:0:0:0:syn_17.wav
192,192,124798,1,0,0:0:0:0:syn_17.wav
64,192,124844,1,0,0:0:0:0:kick.wav
320,192,124844,1,0,0:0:0:0:syn_13.wav
448,192,124844,1,0,0:0:0:0:hh_1.wav
448,192,124937,1,0,0:0:0:0:hh_1.wav
64,192,125031,1,0,0:0:0:0:hh_3.wav
192,192,125031,1,0,0:0:0:0:syn_18.wav
320,192,125124,1,0,0:0:0:0:syn_19.wav
448,192,125124,1,0,0:0:0:0:hh_2.wav
64,192,125217,1,0,0:0:0:0:kick.wav
192,192,125217,1,0,0:0:0:0:syn_15.wav
448,192,125217,1,0,0:0:0:0:hh_1.wav
320,192,125310,1,0,0:0:0:0:hh_2.wav
192,192,125403,1,0,0:0:0:0:hh_3.wav
448,192,125403,1,0,0:0:0:0:syn_20.wav
64,192,125590,1,0,0:0:0:0:kick.wav
192,192,125590,1,0,0:0:0:0:hh_1.wav
320,192,125590,1,0,0:0:0:0:syn_15.wav
448,192,125683,1,0,0:0:0:0:hh_2.wav
192,192,125776,1,0,0:0:0:0:syn_14.wav
320,192,125776,1,0,0:0:0:0:hh_3.wav
64,192,125962,1,0,0:0:0:0:kick.wav
320,192,125962,1,0,0:0:0:0:syn_21.wav
448,192,125962,1,0,0:0:0:0:hh_1.wav
192,192,126055,1,0,0:0:0:0:syn_19.wav
448,192,126055,1,0,0:0:0:0:hh_1.wav
64,192,126149,1,0,0:0:0:0:hh_3.wav
320,192,126149,1,0,0:0:0:0:syn_22.wav
192,192,126242,1,0,0:0:0:0:syn_19.wav
64,192,126335,1,0,0:0:0:0:kick.wav
320,192,126335,1,0,0:0:0:0:hh_1.wav
448,192,126335,1,0,0:0:0:0:syn_23.wav
192,192,126428,1,0,0:0:0:0:hh_2.wav
64,192,126521,1,0,0:0:0:0:syn_24.wav
320,192,126521,1,0,0:0:0:0:hh_3.wav
64,192,126614,1,0,0:0:0:0:syn_24.wav
448,192,126614,1,0,0:0:0:0:hh_2.wav
64,192,126708,1,0,0:0:0:0:syn_13.wav
192,192,126708,1,0,0:0:0:0:kick.wav
320,192,126801,1,0,0:0:0:0:snare_roll.wav
64,192,126894,1,0,0:0:0:0:syn_14.wav
192,192,126894,1,0,0:0:0:0:snare_roll.wav
320,192,126987,1,0,0:0:0:0:snare_roll.wav
64,192,127080,1,0,0:0:0:0:syn_15.wav
192,192,127080,1,0,0:0:0:0:snare_roll.wav
448,192,127080,1,0,0:0:0:0:sn_clap_1.wav
320,192,127173,1,0,0:0:0:0:snare_roll.wav
64,192,127267,1,0,0:0:0:0:syn_16.wav
192,192,127267,1,0,0:0:0:0:snare_roll.wav
320,192,127360,1,0,0:0:0:0:snare_roll.wav
64,192,127453,1,0,0:0:0:0:syn_15.wav
192,192,127453,1,0,0:0:0:0:snare_roll.wav
320,192,127546,1,0,0:0:0:0:snare_roll.wav
448,192,127546,1,0,0:0:0:0:sn_clap_2.wav
64,192,127639,1,0,0:0:0:0:syn_17.wav
192,192,127639,1,0,0:0:0:0:snare_roll.wav
448,192,127686,1,0,0:0:0:0:syn_17.wav
64,192,127732,1,0,0:0:0:0:syn_17.wav
320,192,127732,1,0,0:0:0:0:snare_roll.wav
448,192,127779,1,0,0:0:0:0:syn_17.wav
64,192,127826,1,0,0:0:0:0:syn_13.wav
192,192,127826,1,0,0:0:0:0:snare_roll.wav
320,192,127919,1,0,0:0:0:0:snare_roll.wav
64,192,128012,1,0,0:0:0:0:syn_18.wav
192,192,128012,1,0,0:0:0:0:snare_roll.wav
320,192,128105,1,0,0:0:0:0:snare_roll.wav
448,192,128105,1,0,0:0:0:0:syn_19.wav
64,192,128198,1,0,0:0:0:0:hit_1.wav
192,192,128198,1,0,0:0:0:0:syn_24.wav
320,192,128198,1,0,0:0:0:0:cym.wav
64,192,128291,1,0,0:0:0:0:hit_2.wav
192,192,128291,1,0,0:0:0:0:syn_13.wav
192,192,128478,1,0,0:0:0:0:hit_1.wav
320,192,128478,1,0,0:0:0:0:syn_24.wav
448,192,128478,1,0,0:0:0:0:cym.wav
192,192,128571,1,0,0:0:0:0:hit_2.wav
320,192,128571,1,0,0:0:0:0:syn_13.wav
192,192,128757,1,0,0:0:0:0:hit_1.wav
320,192,128757,1,0,0:0:0:0:syn_24.wav
448,192,128757,1,0,0:0:0:0:cym.wav
64,192,128850,1,0,0:0:0:0:se1.wav
192,192,128850,1,0,0:0:0:0:hit_2.wav
320,192,128850,1,0,0:0:0:0:syn_13.wav
448,192,128850,1,0,0:0:0:0:last.wav
